1492635852;2285
1492635971;2281
1492636028;2279
1492636028;2274
1492636028;2275
1492636028;2272
1492636029;2269
1492636029;2268
1492636029;2262
1492636029;2266
1492636030;2262
1492636030;2261
1492636033;2266
1492636038;2267
1492636043;2267
1492636048;2264
1492636054;2260
1492636059;2254
1492636064;2255
1492636069;2253
1492636074;2257
1492636080;2259
1492636085;2261
1492636090;2263
1492636095;2263
1492636100;2266
1492636106;2266
1492636111;2264
1492636117;2269
1492636122;2266
1492636128;2264
1492636133;2258
1492636139;2259
1492636144;2253
1492636150;2254
1492636155;2258
1492636160;2254
1492636166;2252
1492636171;2255
1492636177;2255
1492636183;2255
1492636188;2256
1492636193;2251
1492636199;2251
1492636204;2248
1492636210;2248
1492636215;2249
1492636221;2249
1492636226;2248
1492636231;2246
1492636236;2246
1492636242;2244
1492636247;2240
1492636252;2250
1492636257;2252
1492636263;2249
1492636268;2242
1492636273;2240
1492636279;2247
1492636285;2251
1492636291;2243
1492636296;2239
1492636301;2238
1492636307;2242
1492636313;2244
1492636318;2245
1492636325;2244
1492636330;2245
1492636335;2245
1492636341;2244
1492636346;2243
1492636351;2243
1492636357;2249
1492636362;2249
1492636367;2253
1492636373;2253
1492636378;2249
1492636383;2252
1492636388;2255
1492636394;2254
1492636399;2254
1492636404;2255
1492636410;2258
1492636416;2251
1492636421;2245
1492636426;2247
1492636431;2241
1492636436;2243
1492636443;2242
1492636448;2242
1492636453;2238
1492636459;2231
1492636464;2227
1492636469;2229
1492636474;2230
1492636480;2227
1492636485;2229
1492636490;2225
1492636495;2222
1492636501;2224
1492636506;2228
1492636512;2230
1492636517;2236
1492636523;2230
1492636528;2232
1492636533;2235
1492636538;2231
1492636543;2224
1492636548;2225
1492636554;2226
1492636559;2227
1492636565;2232
1492636590;2228
1492636647;2226
1492636647;2221
1492636647;2220
1492636647;2215
1492636647;2215
1492636648;2214
1492636648;2211
1492636648;2210
1492636648;2208
1492636648;2209
1492636650;2209
1492636655;2204
1492636661;2206
1492636667;2206
1492636672;2209
1492636678;2209
1492636683;2209
1492636689;2209
1492636695;2204
1492636700;2207
1492636705;2207
1492636710;2200
1492636716;2201
1492636721;2196
1492636726;2194
1492636732;2193
1492636737;2192
1492636743;2188
1492636748;2184
1492636755;2188
1492636761;2188
1492636766;2187
1492636772;2187
1492636777;2187
1492636782;2183
1492636788;2184
1492636793;2185
1492636798;2181
1492636804;2182
1492636809;2186
1492636814;2183
1492636820;2178
1492636828;2176
1492636833;2173
1492636838;2176
1492636843;2178
1492636848;2172
1492636854;2172
1492636859;2172
1492636865;2177
1492636870;2179
1492636875;2180
1492636880;2174
1492636886;2174
1492636891;2178
1492636896;2177
1492636901;2180
1492636907;2179
1492636912;2177
1492636917;2179
1492636922;2176
1492636927;2173
1492636933;2171
1492636938;2170
1492636944;2173
1492636949;2176
1492636955;2175
1492636960;2172
1492636965;2172
1492636971;2169
1492636976;2177
1492636981;2175
1492636988;2176
1492636993;2172
1492636999;2176
1492637004;2174
1492637009;2176
1492637015;2173
1492637021;2177
1492637026;2180
1492637032;2181
1492637037;2183
1492637043;2177
1492637048;2175
1492637053;2178
1492637059;2179
1492637066;2181
1492637071;2177
1492637076;2179
1492637081;2181
1492637087;2181
1492637092;2187
1492637097;2181
1492637102;2178
1492637107;2181
1492637112;2179
1492637117;2178
1492637124;2179
1492637129;2177
1492637135;2175
1492637140;2176
1492637145;2170
1492637150;2165
1492637156;2166
1492637161;2167
1492637167;2165
1492637172;2167
1492637177;2169
1492637183;2167
1492637211;2168
1492637268;2165
1492637268;2163
1492637268;2163
1492637268;2167
1492637268;2167
1492637269;2170
1492637269;2171
1492637269;2173
1492637269;2173
1492637269;2170
1492637271;2166
1492637276;2171
1492637282;2162
1492637287;2165
1492637293;2161
1492637298;2163
1492637303;2162
1492637309;2156
1492637315;2151
1492637320;2148
1492637325;2152
1492637331;2148
1492637336;2155
1492637343;2159
1492637348;2151
1492637355;2149
1492637360;2147
1492637366;2149
1492637372;2153
1492637377;2152
1492637382;2150
1492637387;2149
1492637392;2152
1492637397;2151
1492637403;2151
1492637409;2155
1492637416;2159
1492637422;2160
1492637427;2151
1492637433;2150
1492637439;2154
1492637445;2161
1492637450;2159
1492637455;2159
1492637461;2159
1492637466;2160
1492637471;2158
1492637477;2159
1492637482;2160
1492637488;2159
1492637493;2161
1492637498;2160
1492637505;2157
1492637510;2158
1492637515;2156
1492637521;2155
1492637526;2149
1492637532;2148
1492637537;2144
1492637543;2140
1492637548;2141
1492637553;2140
1492637561;2140
1492637566;2143
1492637571;2139
1492637576;2131
1492637583;2133
1492637589;2137
1492637594;2135
1492637599;2131
1492637605;2135
1492637610;2136
1492637615;2128
1492637621;2127
1492637627;2123
1492637632;2119
1492637637;2120
1492637642;2124
1492637648;2119
1492637654;2118
1492637659;2116
1492637664;2114
1492637670;2115
1492637675;2114
1492637681;2116
1492637686;2112
1492637691;2111
1492637696;2108
1492637701;2106
1492637706;2103
1492637712;2100
1492637717;2103
1492637722;2099
1492637728;2098
1492637733;2098
1492637738;2098
1492637743;2096
1492637749;2094
1492637755;2088
1492637761;2086
1492637766;2088
1492637771;2086
1492637777;2085
1492637783;2087
1492637789;2085
1492637794;2090
1492637800;2094
1492637829;2086
1492637884;2086
1492637884;2085
1492637884;2080
1492637884;2079
1492637884;2079
1492637884;2076
1492637885;2073
1492637885;2075
1492637885;2073
1492637885;2073
1492637890;2075
1492637896;2073
1492637901;2073
1492637907;2072
1492637913;2072
1492637920;2071
1492637925;2073
1492637930;2074
1492637936;2070
1492637941;2070
1492637947;2072
1492637953;2071
1492637959;2073
1492637964;2071
1492637970;2074
1492637977;2071
1492637982;2069
1492637987;2069
1492637993;2068
1492637998;2071
1492638003;2073
1492638009;2075
1492638014;2081
1492638020;2079
1492638026;2077
1492638032;2079
1492638037;2088
1492638042;2087
1492638047;2085
1492638054;2080
1492638059;2081
1492638065;2085
1492638070;2083
1492638075;2079
1492638083;2079
1492638089;2080
1492638094;2080
1492638102;2080
1492638108;2081
1492638113;2074
1492638118;2074
1492638125;2070
1492638132;2072
1492638137;2071
1492638143;2073
1492638149;2074
1492638154;2077
1492638160;2075
1492638166;2076
1492638171;2074
1492638177;2070
1492638182;2072
1492638187;2080
1492638193;2082
1492638198;2075
1492638203;2077
1492638209;2078
1492638214;2075
1492638219;2069
1492638225;2070
1492638230;2069
1492638235;2074
1492638240;2075
1492638245;2071
1492638250;2068
1492638256;2064
1492638262;2063
1492638267;2062
1492638274;2060
1492638279;2060
1492638285;2059
1492638290;2063
1492638296;2064
1492638301;2064
1492638306;2061
1492638311;2060
1492638317;2061
1492638322;2064
1492638327;2066
1492638333;2066
1492638338;2065
1492638345;2067
1492638350;2061
1492638355;2063
1492638361;2059
1492638366;2056
1492638372;2056
1492638379;2055
1492638385;2052
1492638391;2049
1492638396;2049
1492638401;2048
1492638407;2052
1492638412;2053
1492638418;2050
1492638501;2049
1492638501;2047
1492638501;2049
1492638501;2040
1492638502;2041
1492638502;2044
1492638502;2042
1492638502;2042
1492638502;2039
1492638502;2044
1492638505;2038
1492638510;2039
1492638516;2038
1492638521;2040
1492638526;2040
1492638531;2040
1492638537;2040
1492638543;2038
1492638548;2037
1492638553;2037
1492638560;2034
1492638566;2034
1492638572;2034
1492638578;2035
1492638584;2036
1492638589;2039
1492638596;2039
1492638601;2034
1492638606;2035
1492638611;2033
1492638616;2038
1492638622;2033
1492638627;2037
1492638633;2033
1492638639;2032
1492638644;2033
1492638649;2035
1492638655;2032
1492638661;2029
1492638668;2026
1492638674;2023
1492638679;2023
1492638684;2018
1492638690;2010
1492638696;2012
1492638701;2014
1492638706;2002
1492638712;1998
1492638717;1999
1492638722;1993
1492638727;1991
1492638733;1992
1492638740;1989
1492638745;1987
1492638750;1980
1492638756;1982
1492638761;1980
1492638767;1980
1492638772;1978
1492638777;1981
1492638783;1977
1492638788;1981
1492638794;1978
1492638800;1980
1492638806;1981
1492638812;1983
1492638817;1983
1492638822;1974
1492638827;1971
1492638833;1969
1492638838;1971
1492638843;1968
1492638848;1974
1492638854;1963
1492638862;1965
1492638867;1966
1492638872;1964
1492638878;1962
1492638883;1960
1492638889;1959
1492638895;1960
1492638901;1960
1492638906;1959
1492638912;1959
1492638917;1960
1492638923;1961
1492638928;1963
1492638933;1963
1492638941;1961
1492638946;1962
1492638953;1964
1492638961;1962
1492638967;1955
1492638974;1956
1492638980;1957
1492638985;1960
1492638990;1954
1492638996;1952
1492639003;1955
1492639008;1956
1492639014;1954
1492639020;1959
1492639025;1960
1492639031;1954
1492639037;1956
1492639065;1960
1492639119;1961
1492639119;1960
1492639119;1964
1492639120;1961
1492639120;1948
1492639120;1947
1492639120;1941
1492639120;1940
1492639120;1937
1492639121;1937
1492639125;1938
1492639130;1938
1492639135;1937
1492639141;1939
1492639149;1934
1492639154;1932
1492639159;1929
1492639165;1927
1492639172;1923
1492639177;1923
1492639184;1926
1492639190;1931
1492639195;1929
1492639200;1928
1492639206;1928
1492639211;1928
1492639216;1933
1492639222;1932
1492639227;1929
1492639234;1934
1492639239;1930
1492639244;1933
1492639250;1933
1492639255;1934
1492639261;1932
1492639266;1933
1492639271;1930
1492639276;1929
1492639282;1927
1492639287;1927
1492639293;1927
1492639299;1923
1492639305;1924
1492639310;1929
1492639315;1929
1492639323;1932
1492639328;1934
1492639334;1932
1492639340;1933
1492639345;1932
1492639350;1929
1492639356;1928
1492639362;1927
1492639367;1927
1492639372;1931
1492639378;1934
1492639383;1931
1492639391;1933
1492639398;1934
1492639403;1932
1492639408;1935
1492639414;1933
1492639419;1934
1492639424;1934
1492639429;1940
1492639434;1940
1492639440;1944
1492639446;1944
1492639452;1942
1492639458;1943
1492639463;1942
1492639468;1938
1492639474;1937
1492639480;1935
1492639485;1930
1492639490;1928
1492639497;1925
1492639502;1923
1492639507;1922
1492639512;1923
1492639518;1926
1492639523;1928
1492639528;1926
1492639534;1926
1492639539;1926
1492639544;1925
1492639551;1920
1492639556;1921
1492639563;1923
1492639568;1920
1492639574;1921
1492639581;1921
1492639588;1915
1492639594;1912
1492639599;1916
1492639604;1918
1492639609;1914
1492639614;1911
1492639620;1906
1492639625;1905
1492639630;1911
1492639636;1905
1492639641;1903
1492639648;1904
1492639654;1903
1492639683;1890
1492639738;1887
1492639738;1886
1492639738;1880
1492639739;1884
1492639739;1885
1492639739;1883
1492639739;1881
1492639739;1883
1492639739;1886
1492639740;1884
1492639743;1882
1492639748;1878
1492639753;1879
1492639758;1881
1492639764;1876
1492639769;1876
1492639777;1875
1492639782;1871
1492639788;1871
1492639793;1870
1492639799;1875
1492639805;1870
1492679037;1402
1492679094;1403
1492679094;1401
1492679094;1397
1492679094;1400
1492679095;1399
1492679095;1399
1492679095;1399
1492679095;1397
1492679095;1396
1492679095;1396
1492679099;1393
1492679105;1392
1492679111;1390
1492679117;1386
1492679124;1383
1492679129;1384
1492679135;1382
1492679141;1382
1492679146;1384
1492679152;1382
1492679161;1387
1492679167;1388
1492679174;1388
1492679179;1387
1492679185;1387
1492679191;1386
1492679197;1384
1492679202;1385
1492679207;1388
1492679212;1392
1492679219;1391
1492679224;1392
1492679230;1391
1492679235;1396
1492679240;1392
1492679245;1393
1492679251;1396
1492679256;1396
1492679261;1396
1492679266;1396
1492679272;1392
1492679278;1394
1492679283;1393
1492679288;1392
1492679295;1392
1492679301;1395
1492679307;1397
1492679312;1394
1492679318;1395
1492679323;1395
1492679329;1397
1492679334;1397
1492679339;1397
1492679346;1397
1492679351;1394
1492679357;1394
1492679365;1395
1492679370;1397
1492679375;1396
1492679381;1395
1492679387;1394
1492679393;1394
1492679399;1393
1492679404;1394
1492679410;1390
1492679417;1391
1492679423;1392
1492679431;1390
1492679436;1389
1492679442;1391
1492679447;1390
1492679453;1391
1492679459;1391
1492679465;1387
1492679472;1385
1492679478;1385
1492679483;1387
1492679490;1391
1492679495;1393
1492679501;1394
1492679507;1389
1492679513;1388
1492679518;1390
1492679523;1391
1492679528;1397
1492679533;1388
1492679539;1389
1492679544;1387
1492679550;1390
1492679556;1393
1492679561;1395
1492679567;1397
1492679573;1398
1492679578;1399
1492679583;1400
1492679590;1402
1492679595;1402
1492679600;1403
1492679605;1401
1492679611;1408
1492679616;1407
1492679623;1408
1492679628;1409
1492679654;1414
1492679709;1418
1492679709;1418
1492679709;1420
1492679709;1422
1492679709;1427
1492679710;1426
1492679710;1421
1492679710;1420
1492679710;1419
1492679710;1416
1492679715;1415
1492679722;1412
1492679728;1412
1492679735;1419
1492679740;1421
1492679745;1421
1492679751;1420
1492679756;1415
1492679764;1415
1492679769;1417
1492679774;1417
1492679779;1421
1492679784;1420
1492679791;1415
1492679797;1414
1492679804;1411
1492679811;1412
1492679816;1412
1492679822;1412
1492679829;1413
1492679836;1412
1492679841;1414
1492679846;1413
1492679852;1409
1492679858;1408
1492679864;1408
1492679869;1409
1492679876;1409
1492679883;1410
1492679888;1406
1492679893;1406
1492679899;1406
1492679904;1405
1492679909;1405
1492679915;1401
1492679920;1405
1492679926;1404
1492679933;1403
1492679938;1402
1492679943;1405
1492679948;1409
1492679954;1408
1492679960;1410
1492679965;1409
1492679970;1413
1492679976;1409
1492679984;1412
1492679990;1414
1492679995;1418
1492680000;1419
1492680005;1420
1492680011;1420
1492680016;1422
1492680023;1426
1492680028;1425
1492680034;1423
1492680039;1424
1492680045;1425
1492680051;1424
1492680056;1421
1492680061;1419
1492680066;1418
1492680073;1422
1492680078;1418
1492680085;1419
1492680091;1420
1492680098;1419
1492680103;1415
1492680108;1413
1492680114;1412
1492680119;1418
1492680124;1412
1492680131;1407
1492680136;1402
1492680143;1403
1492680148;1402
1492680153;1404
1492680158;1406
1492680164;1408
1492680169;1413
1492680175;1414
1492680180;1415
1492680186;1413
1492680191;1413
1492680197;1417
1492680203;1416
1492680211;1419
1492680216;1420
1492680222;1418
1492680227;1413
1492680233;1414
1492680238;1414
1492680243;1413
1492680276;1414
1492680329;1412
1492680329;1415
1492680329;1413
1492680329;1412
1492680329;1408
1492680329;1408
1492680330;1407
1492680330;1405
1492680330;1409
1492680334;1406
1492680340;1407
1492680345;1406
1492680352;1407
1492680357;1405
1492680362;1406
1492680367;1406
1492680372;1402
1492680378;1402
1492680383;1401
1492680389;1403
1492680395;1405
1492680405;1404
1492680413;1402
1492680418;1403
1492680424;1400
1492680430;1401
1492680435;1398
1492680442;1397
1492680447;1396
1492680453;1396
1492680459;1393
1492680464;1392
1492680470;1393
1492680476;1394
1492680481;1390
1492680486;1393
1492680492;1393
1492680498;1390
1492680503;1394
1492680509;1395
1492680514;1395
1492680519;1391
1492680526;1393
1492680531;1395
1492680537;1395
1492680543;1396
1492680549;1399
1492680554;1396
1492680559;1397
1492680565;1399
1492680571;1404
1492680576;1406
1492680582;1405
1492680587;1402
1492680594;1402
1492680600;1403
1492680606;1403
1492680611;1407
1492680617;1397
1492680622;1403
1492680628;1399
1492680633;1402
1492680639;1400
1492680644;1401
1492680650;1398
1492680655;1398
1492680663;1399
1492680668;1396
1492680674;1398
1492680679;1395
1492680684;1398
1492680690;1397
1492680695;1398
1492680701;1396
1492680706;1394
1492680712;1393
1492680717;1396
1492680723;1393
1492680729;1394
1492680736;1395
1492680741;1395
1492680746;1394
1492680751;1395
1492680757;1397
1492680762;1399
1492680769;1394
1492680774;1395
1492680780;1396
1492680785;1393
1492680791;1391
1492680797;1389
1492680803;1390
1492680809;1386
1492680814;1388
1492680820;1388
1492680828;1388
1492680834;1389
1492680840;1392
1492680845;1393
1492680850;1392
1492680856;1393
1492680861;1392
1492680866;1395
1492680946;1391
1492680946;1392
1492680947;1397
1492680947;1399
1492680947;1397
1492680947;1388
1492680947;1389
1492680947;1393
1492680947;1395
1492680947;1396
1492680950;1400
1492680956;1397
1492680961;1395
1492680968;1397
1492680973;1395
1492680978;1397
1492680984;1401
1492680989;1399
1492680995;1402
1492681001;1403
1492681007;1401
1492681014;1399
1492681020;1401
1492681025;1408
1492681030;1403
1492681036;1401
1492681042;1400
1492681047;1400
1492681052;1398
1492681058;1404
1492681063;1402
1492681069;1404
1492681076;1407
1492681082;1410
1492681088;1409
1492681093;1412
1492681100;1413
1492681105;1419
1492681111;1415
1492681116;1415
1492681121;1413
1492681128;1415
1492681133;1411
1492681139;1409
1492681144;1408
1492681149;1406
1492681155;1404
1492681160;1401
1492681165;1403
1492681171;1401
1492681176;1401
1492681182;1401
1492681188;1394
1492681193;1395
1492681198;1399
1492681204;1400
1492681210;1404
1492681218;1402
1492681223;1403
1492681229;1401
1492681234;1402
1492681239;1409
1492681245;1411
1492681250;1410
1492681255;1414
1492681262;1409
1492681267;1409
1492681273;1411
1492681278;1409
1492681283;1411
1492681289;1409
1492681295;1411
1492681303;1410
1492681309;1405
1492681314;1404
1492681319;1405
1492681326;1407
1492681332;1406
1492681337;1406
1492681342;1407
1492681348;1404
1492681353;1405
1492681359;1406
1492681365;1404
1492681370;1409
1492681376;1415
1492681382;1417
1492681387;1412
1492681393;1412
1492681398;1413
1492681403;1414
1492681409;1413
1492681414;1411
1492681420;1412
1492681426;1411
1492681431;1411
1492681436;1412
1492681442;1412
1492681448;1408
1492681453;1408
1492681459;1409
1492681464;1412
1492681470;1413
1492681475;1416
1492681480;1414
1492681485;1418
1492681513;1416
1492681566;1420
1492681566;1422
1492681566;1421
1492681566;1422
1492681566;1422
1492681567;1427
1492681567;1428
1492681567;1428
1492681567;1432
1492681569;1428
1492681575;1429
1492681580;1427
1492681585;1424
1492681590;1420
1492681596;1423
1492681602;1420
1492681608;1415
1492681614;1413
1492681621;1415
1492681626;1420
1492681631;1416
1492681638;1415
1492681643;1416
1492681648;1415
1492681654;1415
1492681659;1418
1492681665;1419
1492681670;1422
1492681676;1419
1492681681;1420
1492681686;1417
1492681692;1419
1492681698;1420
1492681703;1423
1492681708;1426
1492681714;1429
1492681719;1430
1492681724;1427
1492681729;1429
1492681735;1426
1492681741;1425
1492681746;1426
1492681751;1425
1492681758;1428
1492681763;1426
1492681768;1428
1492681774;1424
1492681779;1424
1492681784;1420
1492681790;1422
1492681795;1421
1492681800;1417
1492681805;1416
1492681811;1418
1492681816;1418
1492681821;1424
1492681827;1422
1492681832;1423
1492681837;1422
1492681843;1424
1492681848;1425
1492681853;1431
1492681858;1430
1492681864;1429
1492681869;1429
1492681874;1430
1492681880;1431
1492681885;1428
1492681890;1427
1492681896;1424
1492681901;1420
1492681906;1420
1492681913;1423
1492681918;1428
1492681923;1432
1492681928;1431
1492681933;1433
1492681939;1429
1492681944;1431
1492681949;1432
1492681955;1408
1492681960;1408
1492681965;1404
1492681972;1413
1492681977;1414
1492681982;1414
1492681990;1414
1492681995;1414
1492682000;1412
1492682006;1412
1492682011;1413
1492682016;1412
1492682021;1415
1492682028;1419
1492682035;1428
1492682041;1423
1492682047;1423
1492682052;1423
1492682057;1424
1492682062;1425
1492682068;1424
1492682074;1427
1492682080;1429
1492682086;1427
1492682091;1428
1492682096;1428
1492682101;1430
1492682129;1432
1492682186;1439
1492682186;1442
1492682186;1441
1492682186;1440
1492682186;1439
1492682187;1439
1492682187;1442
1492682187;1439
1492682187;1435
1492682187;1434
1492682190;1437
1492682196;1439
1492682203;1434
1492682208;1437
1492682214;1437
1492682220;1432
1492682225;1427
1492682230;1432
1492682235;1429
1492682240;1431
1492682246;1429
1492682251;1430
1492682257;1425
1492682262;1424
1492682268;1424
1492682275;1427
1492682281;1428
1492682287;1428
1492682292;1431
1492682299;1431
1492682304;1431
1492682310;1433
1492682317;1432
1492682324;1431
1492682330;1429
1492682337;1430
1492682342;1427
1492682347;1422
1492682352;1425
1492682357;1427
1492682363;1427
1492682368;1426
1492682373;1426
1492682381;1430
1492682386;1430
1492682392;1432
1492682397;1429
1492682403;1429
1492682408;1431
1492682418;1433
1492682423;1433
1492682429;1435
1492682435;1433
1492682442;1438
1492682449;1442
1492682456;1444
1492682462;1444
1492682467;1445
1492682473;1448
1492682478;1448
1492682483;1451
1492682488;1453
1492682493;1450
1492682499;1451
1492682505;1451
1492682510;1449
1492682516;1451
1492682522;1448
1492682527;1452
1492682532;1454
1492682538;1450
1492682543;1449
1492682551;1445
1492682556;1445
1492682562;1448
1492682567;1450
1492682573;1456
1492682578;1455
1492682583;1457
1492682589;1457
1492682594;1460
1492682599;1460
1492682604;1461
1492682610;1460
1492682615;1458
1492682625;1459
1492682631;1459
1492682636;1455
1492682642;1453
1492682647;1451
1492682652;1450
1492682657;1454
1492682663;1449
1492682668;1451
1492682673;1451
1492682678;1452
1492682683;1453
1492682689;1456
1492682694;1459
1492682700;1461
1492682705;1461
1492682710;1461
1492682715;1463
1492682720;1457
1492682804;1462
1492682804;1459
1492682804;1461
1492682804;1463
1492682804;1464
1492682804;1468
1492682804;1464
1492682805;1468
1492682805;1469
1492682805;1468
1492682808;1470
1492682814;1467
1492682820;1468
1492682826;1469
1492682831;1471
1492682836;1471
1492682843;1470
1492682848;1470
1492682854;1472
1492682859;1470
1492682864;1471
1492682870;1470
1492682875;1473
1492682880;1474
1492682885;1476
1492682891;1455
1492682897;1457
1492682903;1454
1492682908;1455
1492682913;1454
1492682918;1455
1492682924;1459
1492682929;1458
1492682936;1462
1492682942;1462
1492682948;1461
1492682953;1458
1492682958;1459
1492682963;1457
1492682969;1457
1492682974;1456
1492682980;1453
1492682985;1461
1492682990;1465
1492682996;1468
1492683001;1469
1492683006;1467
1492683011;1469
1492683017;1470
1492683022;1468
1492683028;1471
1492683033;1472
1492683038;1475
1492683044;1475
1492683050;1476
1492683055;1479
1492683061;1481
1492683067;1481
1492683072;1486
1492683078;1483
1492683083;1481
1492683089;1485
1492683094;1485
1492683099;1487
1492683106;1486
1492683111;1484
1492683116;1488
1492683121;1488
1492683126;1489
1492683132;1494
1492683137;1498
1492683143;1496
1492683148;1497
1492683156;1495
1492683163;1501
1492683168;1503
1492683174;1503
1492683180;1505
1492683186;1503
1492683191;1506
1492683197;1500
1492683202;1503
1492683207;1505
1492683213;1503
1492683219;1503
1492683224;1501
1492683229;1503
1492683234;1507
1492683240;1508
1492683245;1507
1492683250;1509
1492683257;1508
1492683265;1507
1492683270;1509
1492683275;1510
1492683280;1508
1492683286;1506
1492683291;1502
1492683297;1501
1492683302;1506
1492683307;1506
1492683314;1504
1492683320;1504
1492683326;1505
1492683331;1505
1492683338;1510
1492683367;1515
1492683421;1516
1492683421;1521
1492683421;1522
1492683421;1519
1492683422;1517
1492683422;1516
1492683422;1516
1492683422;1513
1492683422;1512
1492683422;1515
1492683426;1515
1492683432;1516
1492683437;1514
1492683442;1508
1492683448;1508
1492683453;1506
1492683458;1505
1492683464;1505
1492683469;1499
1492683474;1499
1492683479;1501
1492683484;1502
1492683490;1500
1492683496;1500
1492683501;1504
1492683506;1502
1492683512;1504
1492683518;1510
1492683523;1512
1492683529;1511
1492683535;1507
1492683541;1509
1492683546;1508
1492683551;1508
1492683557;1507
1492683562;1500
1492683567;1499
1492683572;1495
1492683578;1495
1492683583;1490
1492683588;1490
1492683594;1488
1492683599;1488
1492683605;1489
1492683610;1489
1492683617;1491
1492683622;1489
1492683629;1489
1492683634;1486
1492683641;1488
1492683647;1487
1492683653;1484
1492683658;1486
1492683665;1489
1492683671;1489
1492683677;1491
1492683682;1490
1492683687;1494
1492683692;1492
1492683698;1488
1492683703;1487
1492683708;1489
1492683715;1493
1492683721;1490
1492683727;1492
1492683732;1492
1492683737;1490
1492683743;1489
1492683748;1487
1492683753;1489
1492683759;1491
1492683765;1493
1492683770;1493
1492683776;1494
1492683781;1494
1492683787;1494
1492683792;1495
1492683798;1493
1492683803;1487
1492683809;1490
1492683814;1492
1492683819;1492
1492683825;1490
1492683830;1491
1492683835;1490
1492683842;1487
1492683847;1484
1492683855;1484
1492683861;1484
1492683867;1485
1492683873;1488
1492683879;1484
1492683884;1485
1492683890;1485
1492683896;1489
1492683902;1488
1492683910;1489
1492683915;1494
1492683920;1493
1492683926;1498
1492683931;1497
1492683937;1500
1492683945;1499
1492683951;1502
1492683956;1503
1492684041;1506
1492684041;1509
1492684041;1512
1492684042;1515
1492684042;1520
1492684042;1517
1492684042;1512
1492684042;1515
1492684042;1516
1492684043;1494
1492684049;1495
1492684054;1500
1492684060;1501
1492684065;1497
1492684070;1500
1492684076;1504
1492684081;1503
1492684087;1501
1492684092;1499
1492684097;1501
1492684102;1497
1492684107;1495
1492684113;1496
1492684118;1493
1492684123;1494
1492684128;1497
1492684135;1499
1492684141;1501
1492684147;1495
1492684152;1492
1492684157;1491
1492684163;1493
1492684168;1497
1492684173;1498
1492684178;1501
1492684184;1496
1492684189;1495
1492684194;1492
1492684199;1491
1492684205;1493
1492684211;1493
1492684217;1495
1492684224;1492
1492684229;1491
1492684235;1490
1492684240;1493
1492684245;1494
1492684251;1489
1492684256;1488
1492684261;1484
1492684271;1486
1492684276;1484
1492684283;1485
1492684290;1482
1492684296;1481
1492684304;1482
1492684311;1484
1492684316;1485
1492684321;1481
1492684326;1483
1492684331;1483
1492684336;1485
1492684341;1482
1492684346;1482
1492684352;1484
1492684357;1482
1492684364;1485
1492684369;1484
1492684375;1482
1492684381;1483
1492684386;1482
1492684392;1487
1492684397;1483
1492684404;1487
1492684409;1487
1492684415;1487
1492684420;1490
1492684426;1491
1492684431;1491
1492684437;1489
1492684445;1486
1492684450;1486
1492684455;1489
1492684461;1492
1492684467;1495
1492684473;1501
1492684479;1501
1492684484;1501
1492684489;1502
1492684495;1496
1492684502;1495
1492684508;1493
1492684513;1494
1492684519;1494
1492684524;1495
1492684529;1497
1492684535;1494
1492684541;1494
1492684547;1495
1492684553;1498
1492684558;1498
1492684564;1500
1492684569;1497
1492684575;1498
1492684622;1501
1492684622;1503
1492684622;1499
1492684622;1499
1492684622;1501
1492684626;1500
1492684633;1501
1492684639;1499
1492684644;1503
1492684649;1501
1492684654;1499
1492684660;1503
1492684665;1505
1492684672;1506
1492684677;1510
1492684682;1516
1492684688;1515
1492684694;1514
1492684699;1514
1492684705;1514
1492684712;1517
1492684718;1515
1492684723;1516
1492684729;1512
1492684734;1515
1492684740;1517
1492684745;1517
1492684752;1520
1492684757;1520
1492684763;1519
1492684769;1519
1492684774;1519
1492684779;1515
1492684785;1515
1492684791;1515
1492684797;1518
1492684802;1518
1492684807;1519
1492684814;1524
1492684819;1525
1492684824;1526
1492684829;1526
1492684835;1526
1492684840;1520
1492684846;1517
1492684851;1519
1492684857;1521
1492684863;1520
1492684869;1518
1492684874;1517
1492684879;1514
1492684886;1515
1492684892;1516
1492684897;1512
1492684902;1512
1492684908;1511
1492684913;1512
1492684918;1513
1492684923;1510
1492684929;1507
1492684934;1508
1492684939;1507
1492684945;1502
1492684953;1502
1492684960;1500
1492684966;1502
1492684971;1503
1492684978;1505
1492684987;1504
1492684992;1501
1492684998;1502
1492685004;1508
1492685010;1510
1492685016;1513
1492685022;1509
1492685027;1507
1492685032;1509
1492685038;1509
1492685044;1509
1492685049;1507
1492685055;1497
1492685060;1494
1492685065;1493
1492685070;1492
1492685076;1493
1492685081;1494
1492685089;1493
1492685094;1493
1492685099;1494
1492685104;1496
1492685109;1496
1492685116;1498
1492685123;1499
1492685129;1503
1492685135;1504
1492685140;1506
1492685146;1510
1492685153;1511
1492685158;1509
1492685165;1512
1492685170;1516
1492685175;1518
1492685181;1521
1492685186;1525
1492685203;1517
1492685232;1517
1492685232;1521
1492685232;1519
1492685232;1513
1492685232;1514
1492685239;1520
1492685245;1520
1492685250;1524
1492685256;1524
1492685261;1530
1492685266;1530
1492685272;1530
1492685277;1528
1492685282;1531
1492685288;1532
1492685293;1535
1492685298;1533
1492685304;1536
1492685310;1532
1492685315;1535
1492685322;1535
1492685327;1540
1492685332;1540
1492685339;1538
1492685345;1536
1492685350;1537
1492685356;1532
1492685361;1536
1492685366;1541
1492685372;1542
1492685378;1543
1492685383;1544
1492685389;1545
1492685394;1547
1492685400;1543
1492685408;1545
1492685414;1550
1492685419;1548
1492685424;1549
1492685433;1544
1492685439;1544
1492685444;1543
1492685449;1540
1492685455;1543
1492685460;1546
1492685466;1551
1492685471;1552
1492685477;1553
1492685482;1556
1492685488;1555
1492685494;1560
1492685500;1558
1492685505;1561
1492685511;1560
1492685519;1562
1492685524;1562
1492685530;1565
1492685535;1571
1492685541;1561
1492685546;1562
1492685551;1557
1492685557;1556
1492685564;1560
1492685570;1560
1492685575;1560
1492685582;1557
1492685588;1561
1492685594;1555
1492685600;1553
1492685607;1555
1492685614;1555
1492685619;1556
1492685624;1556
1492685630;1563
1492685636;1562
1492685641;1560
1492685646;1560
1492685652;1559
1492685658;1559
1492685663;1562
1492685670;1564
1492685676;1562
1492685682;1562
1492685687;1561
1492685692;1562
1492685698;1567
1492685703;1565
1492685708;1562
1492685714;1560
1492685720;1560
1492685726;1560
1492685732;1562
1492685738;1560
1492685747;1555
1492685752;1554
1492685757;1552
1492685762;1556
1492685767;1553
1492685772;1555
1492685778;1559
1492685783;1557
1492685790;1557
1492685796;1556
1492685813;1558
1492685841;1554
1492685842;1552
1492685842;1551
1492685842;1548
1492685842;1548
1492685845;1546
1492685850;1547
1492685856;1551
1492685862;1553
1492685869;1552
1492685877;1558
1492685882;1555
1492685887;1560
1492685892;1565
1492685900;1563
1492685905;1565
1492685910;1565
1492685916;1565
1492685921;1566
1492685927;1570
1492685933;1572
1492685938;1574
1492685944;1579
1492685949;1578
1492685955;1574
1492685960;1576
1492685965;1575
1492685970;1577
1492685975;1571
1492685980;1576
1492685986;1570
1492685991;1569
1492685996;1570
1492686001;1570
1492686007;1569
1492686012;1566
1492686017;1571
1492686024;1569
1492686029;1574
1492686035;1574
1492686041;1572
1492686047;1571
1492686052;1573
1492686058;1574
1492686064;1575
1492686070;1574
1492686076;1573
1492686083;1569
1492686089;1570
1492686095;1570
1492686101;1569
1492686106;1569
1492686112;1571
1492686117;1569
1492686123;1567
1492686128;1566
1492686134;1569
1492686139;1571
1492686144;1574
1492686151;1576
1492686156;1577
1492686162;1578
1492686167;1579
1492686172;1580
1492686178;1582
1492686183;1581
1492686189;1579
1492686194;1582
1492686201;1586
1492686206;1583
1492686211;1585
1492686217;1585
1492686223;1582
1492686231;1584
1492686236;1584
1492686242;1585
1492686247;1583
1492686252;1585
1492686258;1584
1492686264;1585
1492686269;1584
1492686274;1583
1492686279;1580
1492686285;1578
1492686290;1578
1492686295;1580
1492686300;1577
1492686306;1576
1492686311;1580
1492686316;1576
1492686321;1576
1492686326;1576
1492686332;1578
1492686338;1578
1492686343;1578
1492686348;1578
1492686353;1580
1492686359;1579
1492686364;1582
1492686370;1581
1492686375;1579
1492686380;1578
1492686386;1576
1492686391;1573
1492686397;1575
1492686403;1572
1492686408;1573
1492686425;1576
1492686451;1573
1492686451;1568
1492686452;1570
1492686452;1570
1492686455;1567
1492686461;1568
1492686467;1569
1492686473;1567
1492686479;1567
1492686485;1569
1492686491;1568
1492686496;1567
1492686502;1566
1492686508;1568
1492686515;1567
1492686520;1569
1492686525;1572
1492686531;1573
1492686536;1573
1492686543;1572
1492686549;1570
1492686554;1568
1492686559;1569
1492686565;1571
1492686571;1570
1492686576;1570
1492686583;1570
1492686588;1569
1492686594;1571
1492686599;1574
1492686604;1572
1492686609;1576
1492686615;1579
1492686620;1579
1492686626;1582
1492686632;1581
1492686638;1581
1492686644;1579
1492686649;1583
1492686655;1578
1492686660;1581
1492686666;1583
1492686671;1581
1492686678;1581
1492686683;1583
1492686691;1585
1492686697;1583
1492686703;1583
1492686709;1584
1492686715;1585
1492686720;1584
1492686726;1584
1492686731;1588
1492686736;1586
1492686743;1589
1492686748;1593
1492686753;1590
1492686758;1592
1492686765;1589
1492686770;1584
1492686776;1584
1492686781;1586
1492686786;1588
1492686791;1588
1492686797;1588
1492686802;1590
1492686807;1588
1492686812;1588
1492686817;1589
1492686823;1587
1492686830;1587
1492686836;1589
1492686842;1591
1492686851;1594
1492686857;1593
1492686863;1595
1492686868;1598
1492686874;1598
1492686880;1596
1492686887;1595
1492686892;1595
1492686898;1596
1492686903;1600
1492686908;1602
1492686914;1602
1492686920;1598
1492686925;1596
1492686931;1599
1492686936;1600
1492686942;1604
1492686948;1605
1492686953;1602
1492686959;1603
1492686965;1605
1492686970;1605
1492686976;1605
1492686981;1600
1492686987;1601
1492686993;1605
1492686998;1605
1492687003;1608
1492687008;1616
1492687013;1612
1492687019;1609
1492687062;1610
1492687106;1614
1492687107;1611
1492687107;1614
1492687107;1613
1492687107;1614
1492687107;1611
1492687107;1612
1492687108;1609
1492687111;1611
1492687117;1606
1492687122;1606
1492687128;1607
1492687133;1607
1492687138;1608
1492687144;1610
1492687149;1610
1492687155;1611
1492687161;1612
1492687166;1609
1492687171;1611
1492687178;1612
1492687183;1612
1492687189;1612
1492687195;1611
1492687200;1612
1492687206;1615
1492687211;1614
1492687216;1615
1492687222;1613
1492687228;1614
1492687235;1612
1492687241;1613
1492687247;1610
1492687252;1607
1492687259;1611
1492687264;1612
1492687270;1612
1492687284;1608
1492687284;1608
1492687285;1610
1492687294;1608
1492687296;1610
1492687310;1613
1492687310;1610
1492687312;1614
1492687324;1613
1492687324;1611
1492687330;1612
1492687337;1614
1492687342;1612
1492687347;1609
1492687353;1610
1492687358;1617
1492687363;1616
1492687369;1618
1492687374;1618
1492687380;1619
1492687385;1622
1492687390;1623
1492687398;1623
1492687405;1621
1492687413;1619
1492687418;1619
1492687425;1618
1492687431;1618
1492687437;1616
1492687442;1622
1492687448;1620
1492687453;1619
1492687458;1620
1492687464;1621
1492687470;1620
1492687476;1618
1492687483;1619
1492687488;1620
1492687494;1621
1492687499;1624
1492687505;1625
1492687510;1626
1492687517;1625
1492687522;1622
1492687527;1620
1492687533;1621
1492687546;1617
1492687547;1616
1492687550;1613
1492687556;1616
1492687561;1616
1492687567;1615
1492687572;1614
1492687580;1615
1492687585;1617
1492687591;1616
1492687598;1620
1492687604;1620
1492687611;1619
1492687617;1620
1492687624;1618
1492687629;1617
1492687634;1620
1492687640;1620
1492687645;1623
1492687652;1623
1492687694;1624
1492687748;1624
1492687748;1632
1492687748;1631
1492687748;1631
1492687748;1627
1492687749;1628
1492687749;1626
1492687749;1623
1492687749;1629
1492687752;1628
1492687758;1627
1492687764;1625
1492687770;1625
1492687775;1623
1492687781;1625
1492687787;1627
1492687792;1623
1492687798;1623
1492687804;1627
1492687810;1622
1492687816;1623
1492687822;1620
1492687828;1620
1492687833;1622
1492687841;1619
1492687846;1622
1492687852;1623
1492687858;1625
1492687866;1626
1492687871;1634
1492687877;1633
1492687882;1629
1492687887;1625
1492687893;1629
1492687898;1632
1492687904;1630
1492687911;1631
1492687916;1629
1492687922;1629
1492687928;1632
1492687934;1626
1492687940;1626
1492687945;1625
1492687952;1624
1492687958;1626
1492687964;1624
1492687970;1624
1492687977;1625
1492687983;1624
1492687988;1628
1492687993;1628
1492687999;1627
1492688005;1629
1492688011;1631
1492688016;1630
1492688021;1631
1492688027;1632
1492688033;1628
1492688038;1625
1492688044;1624
1492688049;1626
1492688056;1631
1492688061;1628
1492688066;1629
1492688072;1629
1492688078;1631
1492688084;1630
1492688090;1631
1492688095;1632
1492688103;1633
1492688108;1636
1492688114;1638
1492688120;1639
1492688127;1637
1492688133;1644
1492688138;1640
1492688143;1641
1492688149;1640
1492688154;1642
1492688159;1638
1492688166;1639
1492688172;1642
1492688177;1646
1492688183;1648
1492688188;1649
1492688193;1647
1492688199;1643
1492688206;1643
1492688211;1646
1492688217;1646
1492688222;1650
1492688228;1650
1492688234;1646
1492688260;1648
1492688261;1645
1492688261;1645
1492688261;1645
1492688262;1647
1492688267;1644
1492688273;1645
1492688279;1645
1492688335;1633
1492688378;1638
1492688378;1639
1492688378;1640
1492688378;1642
1492688378;1643
1492688378;1642
1492688378;1640
1492688380;1635
1492688385;1636
1492688391;1639
1492688396;1640
1492688402;1640
1492688407;1642
1492688412;1636
1492688417;1635
1492688425;1628
1492688428;1629
1492688434;1630
1492688439;1631
1492688445;1629
1492688452;1630
1492688457;1627
1492688462;1626
1492688467;1625
1492688474;1622
1492688479;1623
1492688485;1626
1492688492;1623
1492688497;1625
1492688504;1626
1492688509;1628
1492688514;1629
1492688520;1627
1492688526;1625
1492688531;1621
1492688536;1621
1492688542;1623
1492688548;1620
1492688554;1620
1492688559;1618
1492688564;1622
1492688570;1623
1492688575;1627
1492688582;1628
1492688587;1628
1492688592;1633
1492688598;1635
1492688603;1631
1492688609;1631
1492688614;1630
1492688622;1628
1492688627;1627
1492688633;1630
1492688639;1627
1492688645;1625
1492688652;1625
1492688657;1624
1492688665;1623
1492688671;1631
1492688676;1628
1492688681;1629
1492688687;1629
1492688693;1628
1492688698;1627
1492688707;1630
1492688712;1633
1492688717;1633
1492688723;1632
1492688729;1628
1492688735;1629
1492688740;1632
1492688746;1635
1492688751;1631
1492688756;1632
1492688762;1634
1492688767;1638
1492688773;1639
1492688778;1640
1492688784;1633
1492688790;1632
1492688795;1632
1492688801;1630
1492688806;1634
1492688812;1634
1492688817;1633
1492688822;1631
1492688828;1630
1492688833;1628
1492688839;1626
1492688844;1624
1492688850;1627
1492688856;1625
1492688862;1629
1492688867;1629
1492688872;1628
1492688878;1629
1492688883;1628
1492688889;1633
1492688896;1632
1492688901;1630
1492688906;1633
1492688912;1633
1492688917;1637
1492688922;1638
1492688939;1635
1492688969;1637
1492688969;1636
1492688969;1637
1492688969;1637
1492688969;1639
1492688974;1636
1492688981;1637
1492688986;1635
1492688991;1634
1492688996;1635
1492689002;1640
1492689008;1640
1492689013;1646
1492689018;1648
1492689024;1651
1492689029;1652
1492689035;1652
1492689042;1651
1492689070;1645
1492689097;1642
1492689097;1640
1492689098;1638
1492689098;1635
1492689098;1637
1492689104;1637
1492689109;1637
1492689114;1636
1492689119;1630
1492689124;1625
1492689131;1626
1492689137;1624
1492689142;1622
1492689147;1624
1492689152;1623
1492689157;1622
1492689163;1621
1492689169;1621
1492689175;1626
1492689182;1626
1492689187;1627
1492689194;1626
1492689199;1629
1492689204;1627
1492689210;1626
1492689215;1629
1492689222;1634
1492689227;1634
1492689233;1634
1492689238;1632
1492689243;1627
1492689250;1627
1492689256;1627
1492689261;1628
1492689266;1628
1492689272;1626
1492689277;1626
1492689283;1625
1492689288;1628
1492689294;1629
1492689301;1627
1492689307;1627
1492689312;1627
1492689318;1624
1492689325;1627
1492689330;1632
1492689335;1632
1492689340;1633
1492689346;1632
1492689351;1632
1492689356;1627
1492689361;1626
1492689368;1625
1492689373;1627
1492689379;1632
1492689384;1633
1492689390;1633
1492689397;1637
1492689404;1637
1492689409;1636
1492689415;1639
1492689420;1646
1492689425;1647
1492689431;1650
1492689436;1650
1492689442;1650
1492689447;1651
1492689452;1652
1492689458;1651
1492689463;1648
1492689468;1645
1492689474;1646
1492689480;1644
1492689486;1647
1492689491;1647
1492689497;1646
1492689505;1649
1492689510;1647
1492689517;1647
1492689522;1651
1492689528;1654
1492689533;1657
1492689538;1653
1492689544;1647
1492689550;1648
1492689555;1647
1492689560;1650
1492689565;1627
1492689571;1626
1492689576;1626
1492689581;1626
1492689586;1631
1492689592;1631
1492689597;1629
1492689602;1630
1492689608;1629
1492689615;1629
1492689620;1626
1492689626;1632
1492689634;1629
1492689639;1631
1492689645;1633
1492689651;1631
1492689657;1632
1492689662;1631
1492689744;1628
1492689744;1627
1492689744;1631
1492689744;1636
1492689744;1635
1492689744;1635
1492689745;1638
1492689745;1638
1492689745;1640
1492689745;1640
1492689747;1639
1492689755;1639
1492689760;1637
1492689765;1638
1492689771;1641
1492689777;1638
1492689782;1643
1492689788;1643
1492689795;1645
1492689800;1652
1492689806;1648
1492689811;1647
1492689817;1648
1492689823;1646
1492689829;1648
1492689838;1649
1492689844;1649
1492689850;1647
1492689855;1650
1492689861;1651
1492689867;1647
1492689872;1648
1492689877;1650
1492689885;1652
1492689891;1651
1492689896;1650
1492689902;1646
1492689908;1649
1492689913;1650
1492689919;1652
1492689924;1652
1492689929;1657
1492689934;1638
1492689941;1637
1492689946;1635
1492689952;1637
1492689957;1642
1492689963;1637
1492689968;1640
1492689974;1641
1492689979;1641
1492689986;1639
1492689993;1639
1492689999;1639
1492690004;1641
1492690010;1643
1492690015;1643
1492690020;1644
1492690026;1644
1492690031;1644
1492690036;1644
1492690042;1648
1492690048;1646
1492690053;1642
1492690058;1643
1492690064;1642
1492690069;1641
1492690074;1643
1492690080;1646
1492690085;1646
1492690090;1648
1492690097;1650
1492690103;1648
1492690108;1652
1492690113;1653
1492690119;1654
1492690124;1657
1492690129;1656
1492690135;1655
1492690145;1656
1492690150;1657
1492690156;1657
1492690161;1654
1492690166;1657
1492690172;1659
1492690180;1661
1492690185;1661
1492690190;1661
1492690196;1663
1492690201;1663
1492690206;1660
1492690212;1664
1492690217;1665
1492690223;1661
1492690228;1665
1492690234;1662
1492690239;1664
1492690244;1667
1492690251;1670
1492690256;1672
1492690263;1667
1492690269;1671
1492690274;1674
1492690279;1673
1492690305;1679
1492690362;1676
1492690362;1674
1492690362;1671
1492690362;1673
1492690362;1674
1492690363;1672
1492690363;1670
1492690363;1665
1492690363;1666
1492690363;1668
1492690367;1668
1492690373;1667
1492690378;1665
1492690384;1670
1492690389;1674
1492690397;1674
1492690404;1674
1492690409;1671
1492690414;1669
1492690419;1666
1492690424;1672
1492690429;1671
1492690435;1669
1492690440;1668
1492690445;1668
1492690451;1666
1492690456;1669
1492690461;1667
1492690467;1670
1492690472;1668
1492690478;1668
1492690484;1670
1492690490;1671
1492690495;1667
1492690501;1668
1492690506;1667
1492690511;1667
1492690517;1668
1492690523;1669
1492690529;1670
1492690534;1669
1492690539;1668
1492690546;1669
1492690552;1672
1492690557;1672
1492690563;1667
1492690568;1671
1492690573;1672
1492690578;1672
1492690584;1669
1492690589;1670
1492690595;1671
1492690600;1676
1492690606;1671
1492690613;1672
1492690619;1674
1492690624;1674
1492690630;1672
1492690635;1669
1492690640;1670
1492690646;1672
1492690651;1666
1492690657;1664
1492690662;1664
1492690667;1663
1492690673;1663
1492690679;1666
1492690684;1669
1492690690;1666
1492690696;1666
1492690701;1666
1492690706;1669
1492690712;1668
1492690717;1672
1492690722;1671
1492690728;1669
1492690733;1673
1492690738;1673
1492690746;1670
1492690752;1671
1492690757;1677
1492690763;1678
1492690768;1681
1492690773;1681
1492690778;1686
1492690783;1687
1492690788;1686
1492690793;1689
1492690799;1687
1492690804;1688
1492690809;1685
1492690814;1687
1492690820;1690
1492690827;1691
1492690832;1694
1492690838;1697
1492690843;1696
1492690849;1696
1492690854;1700
1492690859;1706
1492690867;1706
1492690872;1708
1492690878;1706
1492690884;1705
1492690890;1705
1492690896;1702
1492690980;1696
1492690980;1694
1492690980;1695
1492690980;1692
1492690981;1687
1492690981;1685
1492690981;1689
1492690981;1690
1492690981;1686
1492690981;1686
1492690986;1687
1492690991;1682
1492690996;1691
1492691002;1689
1492691007;1687
1492691012;1690
1492691017;1688
1492691024;1690
1492691031;1690
1492691037;1690
1492691042;1691
1492691048;1689
1492691055;1692
1492691064;1688
1492691070;1687
1492691075;1685
1492691081;1686
1492691087;1685
1492691092;1685
1492691097;1686
1492691102;1692
1492691109;1692
1492691114;1690
1492691119;1690
1492691124;1692
1492691129;1687
1492691135;1689
1492691140;1696
1492691148;1696
1492691153;1697
1492691158;1696
1492691163;1698
1492691169;1697
1492691175;1701
1492691181;1700
1492691188;1697
1492691193;1694
1492691199;1692
1492691206;1692
1492691211;1695
1492691216;1695
1492691221;1694
1492691229;1693
1492691234;1695
1492691239;1698
1492691244;1701
1492691250;1700
1492691255;1700
1492691261;1702
1492691266;1707
1492691272;1706
1492691277;1709
1492691282;1705
1492691287;1709
1492691292;1708
1492691298;1707
1492691304;1707
1492691309;1706
1492691315;1709
1492691320;1704
1492691327;1698
1492691332;1694
1492691337;1694
1492691342;1695
1492691348;1697
1492691353;1699
1492691359;1704
1492691367;1703
1492691372;1701
1492691377;1699
1492691384;1700
1492691389;1700
1492691394;1702
1492691400;1701
1492691406;1703
1492691411;1700
1492691416;1704
1492691423;1703
1492691428;1702
1492691434;1700
1492691440;1703
1492691446;1706
1492691453;1708
1492691459;1712
1492691464;1712
1492691469;1706
1492691475;1705
1492691480;1704
1492691485;1705
1492691492;1704
1492691497;1701
1492691502;1702
1492691507;1701
1492691513;1703
1492691519;1702
1492691545;1701
1492691600;1706
1492691600;1706
1492691600;1703
1492691600;1705
1492691600;1705
1492691600;1705
1492691600;1708
1492691600;1708
1492691601;1712
1492691602;1716
1492691608;1716
1492691613;1717
1492691618;1717
1492691624;1717
1492691629;1716
1492691635;1715
1492691642;1719
1492691647;1720
1492691653;1720
1492691658;1723
1492691663;1720
1492691669;1717
1492691674;1721
1492691680;1721
1492691685;1721
1492691692;1722
1492691697;1725
1492691703;1725
1492691708;1730
1492691714;1731
1492691719;1728
1492691726;1726
1492691732;1728
1492691737;1730
1492691743;1728
1492691749;1731
1492691756;1732
1492691762;1736
1492691768;1737
1492691773;1739
1492691778;1733
1492691784;1732
1492691789;1730
1492691795;1729
1492691800;1729
1492691805;1730
1492691810;1728
1492691816;1722
1492691821;1726
1492691826;1729
1492691832;1730
1492691837;1726
1492691843;1729
1492691848;1727
1492691853;1723
1492691858;1724
1492691864;1720
1492691870;1721
1492691875;1724
1492691880;1725
1492691887;1724
1492691892;1726
1492691898;1726
1492691903;1724
1492691909;1721
1492691915;1717
1492691920;1718
1492691926;1715
1492691932;1715
1492691937;1715
1492691943;1714
1492691949;1714
1492691955;1715
1492691961;1714
1492691966;1714
1492691971;1714
1492691977;1717
1492691982;1718
1492691987;1717
1492691993;1718
1492691998;1717
1492692004;1718
1492692010;1720
1492692015;1719
1492692021;1722
1492692026;1721
1492692033;1723
1492692039;1727
1492692044;1725
1492692049;1727
1492692054;1728
1492692059;1732
1492692065;1735
1492692070;1740
1492692076;1740
1492692081;1736
1492692086;1739
1492692092;1733
1492692097;1734
1492692102;1734
1492692109;1733
1492692116;1731
1492692124;1732
1492692130;1731
1492692136;1733
1492692163;1736
1492692219;1738
1492692219;1741
1492692219;1739
1492692219;1737
1492692220;1732
1492692220;1736
1492692220;1732
1492692220;1730
1492692220;1730
1492692220;1733
1492692223;1734
1492692228;1734
1492692235;1730
1492692240;1733
1492692246;1732
1492692251;1730
1492692257;1729
1492692262;1728
1492692268;1727
1492692273;1729
1492692278;1731
1492692283;1732
1492692288;1734
1492692296;1735
1492692301;1739
1492692306;1739
1492692312;1739
1492692317;1741
1492692324;1736
1492692329;1738
1492692334;1739
1492692339;1741
1492692345;1740
1492692352;1736
1492692357;1740
1492692363;1741
1492692368;1746
1492692373;1742
1492692378;1740
1492692385;1744
1492692390;1747
1492692395;1748
1492692401;1749
1492692406;1750
1492692413;1748
1492692418;1745
1492692424;1749
1492692430;1749
1492692435;1751
1492692440;1750
1492692446;1751
1492692453;1751
1492692460;1752
1492692465;1750
1492692471;1749
1492692476;1752
1492692482;1753
1492692487;1754
1492692492;1753
1492692498;1757
1492692503;1754
1492692508;1758
1492692513;1755
1492692519;1758
1492692526;1757
1492692531;1756
1492692536;1753
1492692541;1757
1492692547;1760
1492692552;1760
1492692557;1763
1492692564;1763
1492692570;1764
1492692577;1763
1492692583;1766
1492692589;1767
1492692594;1767
1492692601;1769
1492692606;1771
1492692611;1768
1492692617;1771
1492692622;1769
1492692628;1770
1492692633;1769
1492692638;1773
1492692643;1768
1492692649;1764
1492692654;1766
1492692659;1767
1492692664;1761
1492692671;1758
1492692677;1762
1492692682;1761
1492692687;1764
1492692694;1767
1492692700;1767
1492692705;1767
1492692711;1772
1492692717;1769
1492692722;1764
1492692727;1767
1492692732;1770
1492692738;1770
1492692743;1769
1492692748;1769
1492692753;1766
1492692786;1769
1492692839;1769
1492692839;1770
1492692839;1769
1492692839;1771
1492692839;1770
1492692839;1772
1492692840;1773
1492692840;1775
1492692840;1774
1492692844;1776
1492692849;1775
1492692857;1776
1492692863;1775
1492692869;1781
1492692875;1778
1492692880;1778
1492692886;1777
1492692891;1777
1492692896;1775
1492692901;1770
1492692907;1772
1492692913;1776
1492692918;1780
1492692924;1779
1492692929;1778
1492692935;1778
1492692941;1779
1492692946;1779
1492692951;1778
1492692957;1780
1492692962;1781
1492692968;1776
1492692974;1774
1492692981;1773
1492692986;1772
1492692992;1772
1492692997;1774
1492693003;1775
1492693009;1778
1492693014;1781
1492693020;1783
1492693025;1780
1492693030;1778
1492693035;1775
1492693040;1773
1492693045;1777
1492693051;1776
1492693057;1779
1492693062;1780
1492693069;1781
1492693075;1782
1492693080;1781
1492693085;1777
1492693091;1777
1492693096;1779
1492693101;1780
1492693107;1778
1492693113;1777
1492693118;1776
1492693123;1776
1492693129;1772
1492693134;1771
1492693141;1773
1492693147;1773
1492693152;1775
1492693158;1773
1492693164;1774
1492693169;1774
1492693175;1771
1492693180;1772
1492693186;1772
1492693192;1772
1492693198;1774
1492693204;1776
1492693209;1777
1492693215;1783
1492693220;1785
1492693226;1788
1492693232;1793
1492693237;1794
1492693244;1796
1492693250;1798
1492693255;1794
1492693261;1792
1492693267;1790
1492693273;1791
1492693278;1789
1492693284;1786
1492693289;1790
1492693294;1793
1492693299;1789
1492693304;1791
1492693310;1790
1492693316;1790
1492693321;1791
1492693327;1790
1492693332;1790
1492693339;1784
1492693344;1786
1492693350;1784
1492693356;1783
1492693362;1786
1492693367;1786
1492693372;1787
1492693402;1794
1492693455;1800
1492693455;1798
1492693455;1794
1492693456;1790
1492693456;1795
1492693456;1792
1492693456;1791
1492693456;1790
1492693456;1794
1492693457;1797
1492693461;1797
1492693468;1797
1492693473;1798
1492693479;1794
1492693485;1795
1492693491;1796
1492693496;1798
1492693501;1796
1492693507;1795
1492693512;1795
1492693517;1796
1492693522;1797
1492693528;1798
1492693533;1784
1492693539;1784
1492693545;1782
1492693550;1782
1492693556;1785
1492693561;1784
1492693567;1787
1492693573;1786
1492693579;1792
1492693584;1791
1492693590;1788
1492693596;1789
1492693602;1793
1492693608;1792
1492693614;1796
1492693619;1796
1492693624;1794
1492693630;1793
1492693636;1796
1492693642;1793
1492693647;1797
1492693653;1795
1492693659;1802
1492693665;1805
1492693671;1804
1492693676;1804
1492693681;1804
1492693688;1803
1492693693;1805
1492693700;1807
1492693705;1807
1492693710;1807
1492693715;1804
1492693722;1804
1492693728;1805
1492693733;1810
1492693738;1815
1492693744;1814
1492693750;1819
1492693755;1815
1492693760;1814
1492693766;1811
1492693771;1816
1492693777;1813
1492693783;1814
1492693788;1813
1492693794;1813
1492693799;1809
1492693804;1811
1492693810;1814
1492693815;1815
1492693820;1814
1492693826;1813
1492693831;1813
1492693837;1811
1492693842;1814
1492693847;1818
1492693852;1815
1492693859;1817
1492693865;1823
1492693870;1821
1492693875;1824
1492693881;1827
1492693886;1826
1492693892;1826
1492693899;1825
1492693904;1823
1492693909;1821
1492693914;1821
1492693920;1821
1492693925;1810
1492693930;1806
1492693936;1807
1492693941;1807
1492693946;1806
1492693951;1807
1492693956;1810
1492693962;1808
1492693967;1809
1492693973;1810
1492693979;1807
1492693984;1808
1492693989;1810
1492694021;1812
1492694076;1817
1492694076;1819
1492694076;1823
1492694076;1827
1492694076;1827
1492694077;1828
1492694077;1830
1492694077;1829
1492694077;1823
1492694077;1825
1492694081;1824
1492694087;1823
1492694092;1820
1492694098;1818
1492694103;1817
1492694108;1822
1492694114;1825
1492694119;1820
1492694124;1818
1492694130;1809
1492694135;1811
1492694141;1802
1492694146;1801
1492694151;1803
1492694157;1809
1492694163;1809
1492694169;1809
1492694174;1816
1492694181;1812
1492694186;1807
1492694192;1811
1492694197;1816
1492694203;1819
1492694208;1817
1492694214;1814
1492694219;1813
1492694224;1803
1492694229;1803
1492694235;1802
1492694240;1800
1492694246;1797
1492694251;1803
1492694257;1808
1492694263;1810
1492694269;1810
1492694275;1810
1492694282;1810
1492694287;1812
1492694293;1809
1492694298;1805
1492694307;1805
1492694315;1807
1492694320;1807
1492694327;1806
1492694332;1804
1492694337;1804
1492694346;1802
1492694353;1800
1492694358;1803
1492694363;1808
1492694368;1806
1492694374;1809
1492694379;1805
1492694385;1808
1492694390;1805
1492694396;1805
1492694401;1809
1492694406;1809
1492694412;1820
1492694417;1824
1492694424;1826
1492694429;1827
1492694435;1826
1492694441;1822
1492694449;1818
1492694454;1821
1492694459;1820
1492694464;1823
1492694469;1823
1492694474;1820
1492694481;1820
1492694486;1821
1492694492;1822
1492694498;1817
1492694503;1819
1492694508;1821
1492694514;1821
1492694519;1821
1492694526;1818
1492694532;1817
1492694537;1821
1492694542;1826
1492694547;1826
1492694552;1825
1492694558;1826
1492694563;1826
1492694569;1825
1492694574;1824
1492694580;1826
1492694586;1826
1492694592;1824
1492694598;1821
1492694604;1825
1492694610;1821
1492694637;1824
1492694693;1819
1492694693;1819
1492694693;1819
1492694694;1818
1492694694;1820
1492694694;1816
1492694694;1813
1492694694;1810
1492694694;1809
1492694695;1813
1492694701;1817
1492694706;1817
1492694712;1816
1492694718;1817
1492694723;1811
1492694729;1811
1492694735;1815
1492694741;1814
1492694746;1817
1492694751;1819
1492694756;1826
1492694762;1825
1492694767;1824
1492694772;1827
1492694777;1826
1492694784;1826
1492694790;1827
1492694796;1825
1492694802;1829
1492694809;1831
1492694814;1833
1492694820;1835
1492694825;1835
1492694831;1838
1492694836;1839
1492694841;1840
1492694847;1839
1492694853;1839
1492694858;1840
1492694864;1843
1492694870;1843
1492694875;1841
1492694881;1842
1492694887;1843
1492694893;1837
1492694898;1835
1492694905;1839
1492694911;1837
1492694918;1837
1492694923;1831
1492694929;1829
1492694934;1829
1492694939;1826
1492694945;1827
1492694950;1827
1492694955;1827
1492694961;1824
1492694966;1825
1492694971;1823
1492694976;1823
1492694982;1826
1492694989;1827
1492694995;1829
1492695001;1829
1492695007;1833
1492695013;1831
1492695018;1823
1492695023;1824
1492695029;1822
1492695034;1822
1492695040;1822
1492695045;1825
1492695050;1822
1492695056;1821
1492695061;1822
1492695066;1820
1492695071;1812
1492695077;1811
1492695082;1812
1492695087;1811
1492695093;1807
1492695099;1804
1492695105;1813
1492695110;1813
1492695115;1816
1492695122;1812
1492695127;1810
1492695132;1811
1492695139;1812
1492695144;1817
1492695149;1817
1492695155;1819
1492695160;1818
1492695166;1814
1492695171;1815
1492695176;1815
1492695181;1814
1492695186;1816
1492695192;1823
1492695198;1822
1492695204;1821
1492695209;1825
1492695214;1824
1492695220;1819
1492695225;1819
1492695230;1821
1492695309;1824
1492695310;1823
1492695310;1821
1492695310;1822
1492695310;1824
1492695310;1824
1492695310;1826
1492695310;1820
1492695311;1819
1492695311;1816
1492695317;1817
1492695323;1818
1492695328;1816
1492695333;1812
1492695339;1810
1492695344;1809
1492695350;1813
1492695356;1812
1492695361;1811
1492695367;1811
1492695373;1811
1492695378;1807
1492695383;1808
1492695388;1806
1492695393;1810
1492695399;1816
1492695404;1816
1492695412;1812
1492695418;1811
1492695423;1814
1492695428;1817
1492695433;1820
1492695439;1813
1492695444;1817
1492695449;1819
1492695455;1824
1492695460;1822
1492695465;1825
1492695470;1826
1492695476;1824
1492695481;1830
1492695487;1829
1492695492;1828
1492695497;1825
1492695503;1824
1492695508;1822
1492695514;1824
1492695519;1826
1492695524;1830
1492695529;1828
1492695535;1830
1492695540;1829
1492695546;1829
1492695551;1834
1492695557;1833
1492695563;1831
1492695568;1833
1492695574;1829
1492695579;1826
1492695585;1825
1492695591;1827
1492695596;1826
1492695603;1827
1492695609;1825
1492695614;1827
1492695619;1827
1492695624;1826
1492695630;1826
1492695635;1826
1492695640;1830
1492695647;1827
1492695653;1830
1492695658;1831
1492695663;1833
1492695669;1833
1492695675;1830
1492695681;1833
1492695687;1829
1492695692;1832
1492695697;1830
1492695702;1829
1492695707;1828
1492695713;1828
1492695719;1830
1492695724;1828
1492695729;1828
1492695735;1830
1492695740;1829
1492695746;1831
1492695752;1831
1492695757;1828
1492695762;1828
1492695768;1830
1492695773;1831
1492695779;1839
1492695784;1840
1492695790;1844
1492695794;1842
1492695801;1841
1492695806;1842
1492695811;1825
1492695817;1825
1492695823;1825
1492695828;1830
1492695834;1832
1492695840;1830
1492695845;1828
1492695872;1838
1492695926;1841
1492695926;1839
1492695926;1838
1492695927;1839
1492695927;1842
1492695927;1839
1492695927;1840
1492695927;1840
1492695927;1840
1492695928;1845
1492695932;1842
1492695937;1848
1492695943;1845
1492695948;1849
1492695954;1847
1492695959;1846
1492695965;1848
1492695970;1842
1492695976;1841
1492695982;1837
1492695987;1837
1492695992;1839
1492695997;1836
1492696002;1815
1492696008;1814
1492696014;1817
1492696019;1814
1492696024;1814
1492696031;1815
1492696036;1812
1492696041;1815
1492696047;1815
1492696052;1814
1492696057;1817
1492696062;1816
1492696068;1823
1492696073;1823
1492696078;1829
1492696084;1827
1492696089;1828
1492696094;1827
1492696099;1825
1492696104;1820
1492696110;1824
1492696115;1823
1492696122;1826
1492696127;1827
1492696132;1831
1492696138;1830
1492696143;1833
1492696148;1830
1492696154;1827
1492696159;1828
1492696164;1830
1492696169;1827
1492696175;1828
1492696180;1829
1492696186;1831
1492696193;1834
1492696198;1833
1492696203;1831
1492696208;1832
1492696213;1833
1492696219;1836
1492696224;1832
1492696229;1828
1492696234;1830
1492696241;1831
1492696246;1833
1492696251;1833
1492696257;1834
1492696262;1831
1492696268;1828
1492696273;1824
1492696278;1825
1492696284;1825
1492696290;1823
1492696295;1822
1492696300;1821
1492696307;1820
1492696312;1826
1492696318;1827
1492696323;1827
1492696328;1825
1492696334;1824
1492696339;1825
1492696344;1827
1492696349;1826
1492696355;1824
1492696360;1827
1492696366;1829
1492696373;1837
1492696378;1838
1492696384;1834
1492696389;1838
1492696394;1835
1492696399;1834
1492696405;1835
1492696411;1833
1492696416;1835
1492696421;1835
1492696427;1836
1492696433;1834
1492696438;1833
1492696444;1837
1492696450;1837
1492696458;1834
1492696488;1840
1492696544;1841
1492696544;1845
1492696544;1838
1492696544;1832
1492696544;1837
1492696545;1834
1492696545;1836
1492696545;1838
1492696545;1835
1492696545;1828
1492696547;1830
1492696552;1833
1492696558;1837
1492696565;1836
1492696570;1833
1492696576;1829
1492696582;1824
1492696587;1822
1492696593;1823
1492696599;1823
1492696604;1823
1492696610;1828
1492696615;1828
1492696620;1826
1492696625;1823
1492696632;1825
1492696638;1828
1492696643;1823
1492696648;1824
1492696653;1822
1492696659;1823
1492696666;1821
1492696672;1824
1492696680;1823
1492696686;1823
1492696691;1821
1492696696;1820
1492696702;1818
1492696710;1822
1492696715;1825
1492696721;1826
1492696726;1822
1492696732;1818
1492696738;1817
1492696744;1820
1492696749;1823
1492696754;1820
1492696760;1822
1492696765;1820
1492696770;1817
1492696776;1822
1492696782;1820
1492696787;1820
1492696792;1814
1492696797;1812
1492696802;1812
1492696808;1812
1492696814;1811
1492696819;1813
1492696827;1813
1492696834;1810
1492696839;1808
1492696846;1811
1492696851;1809
1492696857;1807
1492696862;1804
1492696868;1805
1492696874;1806
1492696880;1812
1492696885;1812
1492696891;1810
1492696896;1813
1492696902;1813
1492696907;1812
1492696912;1813
1492696918;1813
1492696924;1815
1492696929;1816
1492696935;1813
1492696941;1817
1492696946;1817
1492696951;1817
1492696957;1816
1492696962;1820
1492696968;1824
1492696973;1824
1492696979;1830
1492696985;1829
1492696990;1829
1492696995;1828
1492697000;1829
1492697006;1825
1492697012;1828
1492697017;1830
1492697022;1830
1492697027;1832
1492697033;1833
1492697038;1832
1492697043;1829
1492697050;1830
1492697055;1832
1492697060;1832
1492697066;1830
1492697071;1831
1492697077;1829
1492697082;1828
1492697110;1831
1492697162;1828
1492697163;1831
1492697163;1830
1492697163;1834
1492697163;1834
1492697163;1836
1492697163;1841
1492697164;1838
1492697164;1840
1492697166;1846
1492697172;1847
1492697178;1844
1492697183;1843
1492697191;1845
1492697196;1845
1492697201;1843
1492697206;1841
1492697212;1845
1492697219;1846
1492697224;1847
1492697230;1849
1492697235;1853
1492697241;1852
1492697246;1852
1492697251;1850
1492697256;1852
1492697262;1849
1492697268;1849
1492697274;1850
1492697280;1850
1492697285;1846
1492697291;1850
1492697298;1850
1492697303;1851
1492697309;1854
1492697314;1858
1492697320;1858
1492697325;1855
1492697331;1856
1492697336;1850
1492697342;1851
1492697348;1849
1492697355;1850
1492697360;1847
1492697366;1848
1492697374;1851
1492697379;1850
1492697386;1848
1492697391;1848
1492697397;1849
1492697403;1850
1492697408;1854
1492697414;1852
1492697420;1845
1492697425;1847
1492697431;1848
1492697436;1851
1492697442;1850
1492697447;1844
1492697452;1845
1492697459;1844
1492697464;1825
1492697471;1824
1492697477;1830
1492697482;1826
1492697488;1826
1492697496;1824
1492697501;1821
1492697506;1822
1492697511;1822
1492697517;1824
1492697522;1826
1492697527;1826
1492697533;1825
1492697538;1822
1492697543;1821
1492697550;1822
1492697555;1824
1492697562;1823
1492697568;1828
1492697573;1830
1492697578;1834
1492697583;1836
1492697590;1835
1492697595;1834
1492697600;1838
1492697605;1836
1492697612;1834
1492697617;1835
1492697622;1835
1492697627;1840
1492697633;1843
1492697640;1845
1492697645;1849
1492697651;1852
1492697657;1853
1492697662;1849
1492697667;1852
1492697672;1853
1492697678;1853
1492697683;1854
1492697689;1855
1492697694;1853
1492697700;1853
1492697728;1855
1492697780;1848
1492697781;1853
1492697781;1855
1492697781;1854
1492697781;1850
1492697781;1851
1492697781;1853
1492697781;1850
1492697781;1851
1492697782;1855
1492697788;1855
1492697795;1854
1492697800;1852
1492697806;1852
1492697812;1853
1492697818;1859
1492697823;1858
1492697831;1855
1492697837;1852
1492697843;1853
1492697849;1853
1492697854;1855
1492697859;1851
1492697864;1849
1492697870;1849
1492697876;1847
1492697881;1851
1492697886;1846
1492697893;1847
1492697898;1846
1492697903;1848
1492697911;1850
1492697917;1852
1492697922;1847
1492697927;1844
1492697932;1841
1492697938;1845
1492697944;1841
1492697949;1839
1492697954;1841
1492697960;1842
1492697966;1844
1492697972;1846
1492697977;1846
1492697983;1845
1492697990;1841
1492697995;1837
1492698000;1838
1492698006;1839
1492698011;1839
1492698017;1842
1492698022;1840
1492698028;1840
1492698035;1835
1492698041;1831
1492698046;1831
1492698051;1831
1492698057;1832
1492698062;1834
1492698067;1830
1492698072;1829
1492698079;1831
1492698084;1828
1492698089;1830
1492698097;1834
1492698102;1835
1492698107;1836
1492698112;1837
1492698117;1838
1492698122;1841
1492698128;1840
1492698133;1840
1492698138;1843
1492698145;1844
1492698151;1846
1492698156;1844
1492698162;1846
1492698167;1843
1492698172;1840
1492698180;1839
1492698186;1839
1492698193;1839
1492698199;1842
1492698204;1844
1492698209;1845
1492698215;1844
1492698222;1846
1492698227;1847
1492698232;1847
1492698237;1844
1492698244;1845
1492698250;1846
1492698255;1845
1492698261;1843
1492698267;1842
1492698272;1843
1492698277;1840
1492698282;1838
1492698287;1837
1492698292;1839
1492698298;1838
1492698304;1839
1492698309;1838
1492698315;1842
1492698401;1846
1492698401;1842
1492698401;1843
1492698402;1841
1492698402;1844
1492698402;1843
1492698402;1845
1492698402;1844
1492698402;1846
1492698403;1848
1492698406;1851
1492698411;1848
1492698417;1849
1492698423;1852
1492698431;1852
1492698437;1852
1492698442;1850
1492698448;1853
1492698454;1859
1492698459;1858
1492698465;1857
1492698471;1862
1492698476;1863
1492698483;1844
1492698489;1849
1492698494;1850
1492698499;1847
1492698504;1848
1492698512;1848
1492698518;1850
1492698523;1849
1492698528;1850
1492698533;1850
1492698538;1847
1492698543;1847
1492698550;1847
1492698556;1845
1492698561;1852
1492698566;1847
1492698572;1843
1492698577;1841
1492698582;1843
1492698590;1847
1492698595;1851
1492698601;1849
1492698607;1844
1492698612;1841
1492698618;1837
1492698624;1835
1492698631;1834
1492698636;1833
1492698641;1836
1492698646;1836
1492698655;1832
1492698660;1836
1492698666;1834
1492698671;1839
1492698677;1840
1492698682;1838
1492698687;1844
1492698693;1845
1492698698;1847
1492698704;1851
1492698709;1850
1492698715;1849
1492698720;1848
1492698726;1851
1492698732;1850
1492698737;1853
1492698743;1857
1492698748;1851
1492698753;1854
1492698758;1855
1492698764;1853
1492698770;1855
1492698775;1852
1492698781;1852
1492698786;1856
1492698791;1856
1492698796;1859
1492698801;1858
1492698807;1855
1492698812;1858
1492698818;1858
1492698823;1859
1492698829;1857
1492698834;1860
1492698839;1858
1492698847;1860
1492698852;1860
1492698857;1860
1492698863;1861
1492698868;1862
1492698875;1864
1492698880;1862
1492698886;1864
1492698891;1862
1492698896;1862
1492698902;1864
1492698908;1864
1492698914;1863
1492698919;1865
1492698925;1866
1492698931;1861
1492698937;1858
1492698960;1869
1492699018;1870
1492699018;1872
1492699018;1873
1492699018;1871
1492699019;1874
1492699019;1872
1492699019;1875
1492699019;1873
1492699019;1873
1492699022;1874
1492699027;1876
1492699032;1879
1492699037;1879
1492699045;1881
1492699051;1881
1492699056;1880
1492699061;1880
1492699067;1879
1492699073;1890
1492699078;1888
1492699084;1886
1492699089;1883
1492699094;1880
1492699099;1880
1492699105;1882
1492699110;1880
1492699115;1880
1492699121;1881
1492699126;1877
1492699132;1874
1492699139;1872
1492699145;1876
1492699150;1879
1492699158;1881
1492699164;1882
1492699169;1881
1492699174;1881
1492699180;1881
1492699187;1883
1492699192;1881
1492699198;1880
1492699203;1884
1492699208;1880
1492699213;1879
1492699220;1880
1492699226;1875
1492699231;1870
1492699238;1871
1492699243;1866
1492699248;1863
1492699255;1863
1492699260;1861
1492699266;1859
1492699271;1856
1492699277;1859
1492699283;1859
1492699290;1860
1492699295;1860
1492699300;1867
1492699306;1866
1492699311;1867
1492699316;1871
1492699321;1873
1492699327;1871
1492699332;1875
1492699337;1880
1492699342;1878
1492699348;1876
1492699353;1878
1492699359;1878
1492699364;1880
1492699370;1886
1492699377;1881
1492699383;1884
1492699389;1881
1492699395;1883
1492699400;1883
1492699406;1883
1492699411;1885
1492699417;1886
1492699422;1891
1492699427;1886
1492699434;1885
1492699439;1881
1492699444;1889
1492699450;1887
1492699456;1886
1492699464;1887
1492699469;1888
1492699474;1885
1492699480;1883
1492699487;1881
1492699494;1879
1492699499;1877
1492699505;1884
1492699510;1882
1492699516;1883
1492699521;1884
1492699526;1887
1492699531;1892
1492699536;1896
1492699542;1901
1492699547;1900
1492699553;1902
1492699581;1900
1492699637;1905
1492699637;1903
1492699638;1902
1492699638;1900
1492699638;1897
1492699638;1896
1492699638;1896
1492699639;1895
1492699639;1894
1492699642;1895
1492699648;1897
1492699653;1897
1492699659;1903
1492699666;1899
1492699671;1897
1492699676;1897
1492699682;1894
1492699687;1893
1492699692;1898
1492699698;1901
1492699703;1900
1492699709;1895
1492699714;1900
1492699720;1899
1492699725;1898
1492699731;1896
1492699737;1900
1492699742;1900
1492699747;1897
1492699753;1898
1492699758;1894
1492699764;1894
1492699770;1894
1492699775;1893
1492699780;1893
1492699785;1895
1492699790;1891
1492699796;1890
1492699803;1887
1492699808;1886
1492699814;1885
1492699819;1884
1492699825;1879
1492699831;1878
1492699836;1880
1492699841;1881
1492699848;1885
1492699855;1883
1492699860;1887
1492699866;1889
1492699871;1891
1492699877;1891
1492699883;1895
1492699888;1893
1492699895;1893
1492699902;1888
1492699907;1888
1492699913;1887
1492699918;1887
1492699923;1890
1492699928;1891
1492699935;1893
1492699941;1896
1492699947;1899
1492699952;1896
1492699958;1899
1492699964;1899
1492699969;1901
1492699975;1901
1492699981;1910
1492699987;1915
1492699992;1913
1492699997;1912
1492700002;1914
1492700007;1918
1492700012;1914
1492700018;1919
1492700023;1913
1492700028;1914
1492700036;1914
1492700041;1919
1492700048;1921
1492700053;1919
1492700059;1920
1492700064;1913
1492700069;1911
1492700074;1912
1492700080;1913
1492700085;1916
1492700090;1916
1492700097;1917
1492700102;1918
1492700107;1915
1492700113;1916
1492700118;1918
1492700123;1918
1492700129;1915
1492700134;1915
1492700140;1914
1492700145;1913
1492700150;1913
1492700156;1914
1492700161;1917
1492700166;1918
1492700171;1921
1492700196;1921
1492700255;1921
1492700255;1919
1492700255;1912
1492700256;1912
1492700256;1907
1492700256;1909
1492700256;1912
1492700256;1907
1492700256;1912
1492700257;1917
1492700257;1914
1492700264;1912
1492700269;1911
1492700275;1914
1492700281;1913
1492700286;1917
1492700292;1916
1492700297;1918
1492700302;1922
1492700307;1921
1492700313;1920
1492700318;1925
1492700323;1923
1492700329;1924
1492700335;1925
1492700340;1927
1492700347;1926
1492700353;1922
1492700358;1923
1492700363;1924
1492700369;1926
1492700374;1926
1492700379;1928
1492700385;1929
1492700390;1926
1492700395;1928
1492700401;1924
1492700406;1925
1492700411;1922
1492700416;1924
1492700421;1924
1492700426;1926
1492700432;1927
1492700438;1928
1492700444;1927
1492700450;1929
1492700455;1930
1492700461;1927
1492700466;1926
1492700471;1925
1492700476;1925
1492700481;1922
1492700486;1925
1492700493;1928
1492700499;1930
1492700505;1931
1492700510;1930
1492700517;1932
1492700522;1931
1492700528;1928
1492700533;1932
1492700539;1934
1492700546;1937
1492700551;1939
1492700556;1938
1492700562;1944
1492700568;1947
1492700573;1947
1492700578;1947
1492700583;1945
1492700588;1941
1492700593;1940
1492700599;1939
1492700605;1942
1492700611;1944
1492700616;1944
1492700622;1942
1492700627;1943
1492700633;1941
1492700639;1938
1492700645;1938
1492700650;1938
1492700655;1941
1492700660;1941
1492700665;1944
1492700672;1944
1492700678;1941
1492700683;1942
1492700688;1940
1492700694;1939
1492700700;1939
1492700705;1940
1492700711;1941
1492700716;1936
1492700721;1933
1492700727;1934
1492700732;1931
1492700738;1931
1492700743;1933
1492700748;1927
1492700754;1926
1492700759;1923
1492700764;1924
1492700769;1923
1492700774;1923
1492700780;1916
1492700785;1912
1492700791;1911
1492700870;1920
1492700870;1921
1492700870;1921
1492700870;1926
1492700870;1928
1492700870;1926
1492700870;1928
1492700870;1925
1492700871;1922
1492700871;1920
1492700871;1926
1492700876;1925
1492700882;1926
1492700887;1928
1492700892;1925
1492700897;1926
1492700903;1924
1492700908;1927
1492700914;1929
1492700919;1926
1492700924;1927
1492700930;1926
1492700936;1929
1492700942;1927
1492700947;1927
1492700952;1934
1492700958;1932
1492700963;1933
1492700968;1929
1492700974;1930
1492700979;1928
1492700984;1927
1492700990;1928
1492700996;1924
1492701001;1923
1492701006;1927
1492701011;1927
1492701017;1932
1492701023;1930
1492701028;1929
1492701034;1933
1492701040;1927
1492701045;1930
1492701051;1926
1492701056;1928
1492701061;1928
1492701067;1927
1492701072;1930
1492701077;1930
1492701083;1930
1492701089;1928
1492701095;1929
1492701100;1924
1492701105;1925
1492701111;1929
1492701117;1930
1492701122;1929
1492701127;1931
1492701133;1934
1492701138;1935
1492701143;1931
1492701149;1930
1492701154;1933
1492701159;1931
1492701164;1936
1492701170;1938
1492701175;1938
1492701180;1937
1492701185;1937
1492701191;1940
1492701196;1940
1492701202;1940
1492701207;1942
1492701212;1937
1492701217;1939
1492701222;1942
1492701228;1944
1492701233;1944
1492701239;1946
1492701244;1945
1492701250;1947
1492701255;1950
1492701260;1954
1492701266;1954
1492701272;1955
1492701277;1951
1492701282;1951
1492701287;1948
1492701294;1950
1492701299;1950
1492701304;1952
1492701310;1952
1492701315;1952
1492701320;1952
1492701325;1958
1492701333;1961
1492701338;1961
1492701343;1960
1492701348;1960
1492701353;1962
1492701359;1966
1492701366;1961
1492701373;1964
1492701378;1968
1492701383;1974
1492701389;1974
1492701395;1972
1492701401;1974
1492701407;1973
1492701491;1970
1492701491;1969
1492701491;1971
1492701491;1972
1492701491;1971
1492701491;1971
1492701492;1969
1492701492;1971
1492701492;1973
1492701492;1969
1492701492;1970
1492701498;1969
1492701503;1968
1492701508;1970
1492701514;1969
1492701519;1974
1492701527;1971
1492701533;1970
1492701538;1972
1492701544;1974
1492701549;1977
1492701556;1981
1492701562;1981
1492701568;1977
1492701575;1975
1492701580;1976
1492701585;1971
1492701591;1968
1492701597;1966
1492701602;1966
1492701608;1966
1492701613;1962
1492701618;1962
1492701623;1964
1492701629;1962
1492701635;1962
1492701642;1961
1492701648;1960
1492701653;1962
1492701659;1965
1492701664;1967
1492701670;1963
1492701676;1962
1492701682;1965
1492701687;1966
1492701692;1970
1492701697;1969
1492701702;1975
1492701708;1972
1492701713;1974
1492701719;1975
1492701724;1974
1492701730;1975
1492701736;1977
1492701741;1981
1492701747;1987
1492701754;1986
1492701759;1988
1492701765;1990
1492701770;1989
1492701776;1987
1492701781;1989
1492701787;1986
1492701792;1988
1492701797;1989
1492701802;1988
1492701808;1993
1492701813;1992
1492701819;1990
1492701824;1985
1492701830;1981
1492701835;1984
1492701840;1983
1492701846;1987
1492701852;1987
1492701857;1986
1492701863;1985
1492701868;1985
1492701873;1990
1492701878;1983
1492701884;1982
1492701890;1988
1492701895;1988
1492701901;1987
1492701906;1983
1492701911;1982
1492701917;1979
1492701923;1981
1492701928;1984
1492701934;1984
1492701940;1979
1492701945;1982
1492701950;1984
1492701955;1984
1492701961;1984
1492701967;1987
1492701972;1989
1492701977;1989
1492701982;1990
1492701988;1994
1492701993;1993
1492702000;1996
1492702006;1994
1492702011;1996
1492702016;1995
1492702022;1996
1492702027;1988
1492702056;1981
1492702111;1979
1492702111;1983
1492702111;1980
1492702111;1991
1492702111;1990
1492702111;1990
1492702112;1994
1492702112;1994
1492702112;1993
1492702112;1992
1492702117;1994
1492702122;1996
1492702127;1997
1492702133;1998
1492702138;1995
1492702144;1998
1492702149;1996
1492702154;1988
1492702161;1986
1492702166;1983
1492702171;1983
1492702177;1982
1492702182;1980
1492702187;1980
1492702193;1983
1492702198;1989
1492702204;1990
1492702209;1988
1492702214;1990
1492702221;1990
1492702226;1990
1492702231;1985
1492702236;1991
1492702242;1987
1492702247;1990
1492702253;1991
1492702258;1991
1492702263;1991
1492702269;1988
1492702275;1988
1492702282;1989
1492702288;1991
1492702293;1990
1492702300;1987
1492702305;1989
1492702311;1995
1492702316;1998
1492702321;1996
1492702326;1995
1492702332;1997
1492702337;1996
1492702342;2001
1492702348;1996
1492702353;1995
1492702359;1998
1492702364;1999
1492702370;1998
1492702375;2002
1492702380;1996
1492702385;1998
1492702391;2004
1492702398;2005
1492702403;2004
1492702409;2004
1492702414;2002
1492702419;2005
1492702424;2003
1492702430;2006
1492702435;2002
1492702441;1997
1492702446;1995
1492702451;1991
1492702457;1996
1492702463;1993
1492702468;1990
1492702473;1988
1492702479;1988
1492702484;1989
1492702490;1986
1492702496;1985
1492702501;1990
1492702507;1994
1492702513;1997
1492702519;1998
1492702524;1999
1492702531;1993
1492702536;1995
1492702541;1993
1492702547;1996
1492702553;1994
1492702558;1998
1492702564;1997
1492702570;1995
1492702575;1995
1492702580;1996
1492702586;1997
1492702591;1996
1492702596;1998
1492702601;1998
1492702607;2001
1492702613;1997
1492702619;2000
1492702624;2001
1492702629;1999
1492702634;1998
1492702639;1996
1492702644;1994
1492702672;1990
1492702729;1995
1492702729;1993
1492702729;1991
1492702729;1993
1492702729;1994
1492702730;1995
1492702730;1998
1492702730;2004
1492702730;2006
1492702731;2008
1492702736;2006
1492702742;2005
1492702748;2006
1492702754;2007
1492702759;2007
1492702765;2009
1492702772;2007
1492702777;2005
1492702783;2004
1492702789;2000
1492702794;2002
1492702799;2001
1492702805;2000
1492702811;2000
1492702816;2001
1492702822;2000
1492702827;2004
1492702835;2004
1492702841;2003
1492702846;2003
1492702853;2003
1492702858;1999
1492702863;2001
1492702869;2001
1492702874;1996
1492702879;1995
1492702885;1992
1492702891;1991
1492702897;1992
1492702904;1995
1492702909;1994
1492702914;1995
1492702919;1998
1492702924;1998
1492702930;1997
1492702937;2000
1492702943;2003
1492702948;2002
1492702953;2006
1492702960;2010
1492702967;2009
1492702972;2010
1492702977;2012
1492702982;2015
1492702987;2013
1492702993;2013
1492702998;2012
1492703004;2017
1492703009;2019
1492703015;2018
1492703021;2016
1492703026;2015
1492703032;2014
1492703038;2018
1492703043;2017
1492703049;2014
1492703054;2017
1492703060;2014
1492703065;2017
1492703071;2018
1492703076;2018
1492703082;2023
1492703087;2022
1492703092;2021
1492703098;2024
1492703104;2026
1492703110;2029
1492703115;2030
1492703122;2032
1492703127;2033
1492703132;2029
1492703137;2024
1492703142;2026
1492703148;2022
1492703153;2023
1492703158;2022
1492703164;2018
1492703169;2021
1492703174;2019
1492703180;2019
1492703185;2019
1492703190;2016
1492703195;2019
1492703200;2018
1492703206;2018
1492703211;2015
1492703216;2013
1492703222;2010
1492703227;2012
1492703232;2011
1492703238;2014
1492703244;2011
1492703251;2012
1492703256;2013
1492703261;2015
1492703292;2016
1492703349;2014
1492703349;2017
1492703349;2015
1492703349;2019
1492703350;2019
1492703350;2017
1492703350;2015
1492703350;2018
1492703350;2017
1492703351;2015
1492703355;2015
1492703360;2017
1492703365;2015
1492703371;2018
1492703377;2019
1492703382;2014
1492703390;2016
1492703398;2017
1492703403;2022
1492703408;2028
1492703414;2028
1492703419;2031
1492703425;2028
1492703431;2031
1492703436;2032
1492703442;2034
1492703447;2036
1492703452;2033
1492703457;2037
1492703463;2041
1492703468;2040
1492703473;2039
1492703478;2040
1492703483;2043
1492703489;2047
1492703494;2048
1492703499;2047
1492703505;2047
1492703511;2042
1492703516;2046
1492703521;2042
1492703527;2046
1492703532;2048
1492703538;2049
1492703543;2050
1492703548;2058
1492703553;2059
1492703559;2060
1492703564;2059
1492703570;2062
1492703576;2059
1492703581;2055
1492703587;2051
1492703592;2052
1492703598;2049
1492703603;2048
1492703608;2050
1492703614;2049
1492703619;2050
1492703625;2050
1492703630;2052
1492703635;2053
1492703641;2053
1492703646;2057
1492703651;2059
1492703657;2059
1492703662;2059
1492703667;2061
1492703672;2064
1492703677;2065
1492703683;2067
1492703689;2072
1492703694;2072
1492703700;2074
1492703706;2075
1492703711;2078
1492703716;2078
1492703722;2080
1492703728;2082
1492703734;2082
1492703741;2079
1492703746;2077
1492703753;2076
1492703758;2072
1492703763;2072
1492703768;2071
1492703774;2070
1492703779;2066
1492703784;2067
1492703789;2068
1492703795;2069
1492703800;2071
1492703806;2069
1492703811;2072
1492703817;2073
1492703822;2077
1492703827;2074
1492703833;2074
1492703838;2073
1492703843;2075
1492703849;2076
1492703854;2075
1492703860;2073
1492703865;2076
1492703870;2081
1492703875;2083
1492703881;2083
1492703908;2087
1492703965;2087
1492703965;2084
1492703965;2086
1492703965;2090
1492703965;2088
1492703965;2089
1492703965;2087
1492703966;2084
1492703966;2089
1492703966;2088
1492703968;2088
1492703973;2088
1492703979;2088
1492703984;2093
1492703989;2092
1492703994;2093
1492704000;2089
1492704006;2088
1492704011;2087
1492704016;2085
1492704022;2085
1492704027;2086
1492704033;2079
1492704038;2081
1492704043;2084
1492704049;2083
1492704054;2080
1492704059;2082
1492704064;2077
1492704070;2075
1492704075;2077
1492704080;2076
1492704085;2080
1492704090;2081
1492704095;2080
1492704100;2081
1492704105;2077
1492704111;2079
1492704116;2078
1492704121;2077
1492704127;2075
1492704132;2073
1492704138;2074
1492704143;2074
1492704149;2076
1492704154;2080
1492704160;2079
1492704165;2074
1492704170;2083
1492704175;2087
1492704181;2084
1492704187;2082
1492704192;2081
1492704197;2082
1492704202;2081
1492704208;2079
1492704214;2084
1492704219;2084
1492704224;2081
1492704230;2082
1492704235;2075
1492704240;2076
1492704246;2078
1492704252;2075
1492704257;2080
1492704263;2079
1492704268;2081
1492704273;2084
1492704278;2088
1492704285;2090
1492704290;2089
1492704295;2087
1492704300;2086
1492704305;2085
1492704311;2084
1492704316;2084
1492704322;2083
1492704327;2087
1492704333;2088
1492704338;2089
1492704343;2084
1492704348;2081
1492704354;2079
1492704359;2083
1492704365;2082
1492704371;2079
1492704376;2080
1492704382;2084
1492704387;2086
1492704392;2087
1492704397;2085
1492704404;2090
1492704410;2089
1492704415;2089
1492704421;2086
1492704426;2087
1492704432;2087
1492704438;2090
1492704443;2090
1492704449;2094
1492704454;2096
1492704462;2096
1492704468;2091
1492704473;2094
1492704479;2098
1492704484;2101
1492704490;2102
1492704496;2104
1492704501;2103
1492704528;2103
1492704584;2103
1492704585;2100
1492704585;2103
1492704585;2103
1492704585;2105
1492704585;2101
1492704586;2100
1492704586;2105
1492704586;2107
1492704586;2106
1492704589;2105
1492704595;2103
1492704600;2106
1492704605;2099
1492704611;2102
1492704616;2107
1492704621;2102
1492704626;2106
1492704632;2108
1492704637;2105
1492704642;2107
1492704647;2106
1492704653;2101
1492704658;2103
1492704664;2103
1492704669;2101
1492704674;2096
1492704680;2095
1492704686;2096
1492704691;2096
1492704696;2095
1492704702;2095
1492704707;2093
1492704714;2098
1492704719;2098
1492704725;2103
1492704731;2100
1492704737;2101
1492704742;2099
1492704748;2101
1492704753;2099
1492704758;2100
1492704764;2097
1492704769;2097
1492704775;2087
1492704780;2084
1492704785;2083
1492704791;2085
1492704796;2087
1492704801;2083
1492704808;2084
1492704813;2083
1492704819;2084
1492704825;2083
1492704830;2089
1492704835;2090
1492704840;2090
1492704846;2085
1492704851;2085
1492704857;2084
1492704863;2084
1492704868;2085
1492704874;2088
1492704879;2088
1492704884;2088
1492704889;2087
1492704895;2091
1492704900;2093
1492704906;2089
1492704912;2086
1492704917;2085
1492704922;2089
1492704928;2090
1492704934;2087
1492704939;2085
1492704945;2085
1492704950;2088
1492704956;2087
1492704962;2090
1492704968;2094
1492704973;2095
1492704979;2098
1492704985;2094
1492704992;2099
1492704997;2104
1492705003;2109
1492705008;2107
1492705014;2118
1492705021;2121
1492705027;2122
1492705032;2121
1492705037;2120
1492705043;2118
1492705048;2116
1492705054;2115
1492705061;2109
1492705067;2113
1492705073;2114
1492705080;2113
1492705085;2113
1492705090;2112
1492705096;2113
1492705101;2116
1492705106;2115
1492705111;2118
1492705116;2120
1492705122;2119
1492705150;2130
1492705207;2129
1492705208;2127
1492705208;2127
1492705208;2126
1492705208;2125
1492705208;2125
1492705208;2135
1492705209;2134
1492705209;2133
1492705209;2132
1492705209;2125
1492705215;2128
1492705220;2130
1492705226;2135
1492705231;2137
1492705237;2143
1492705242;2137
1492705247;2138
1492705252;2135
1492705257;2137
1492705262;2139
1492705268;2137
1492705273;2135
1492705279;2131
1492705284;2126
1492705289;2132
1492705294;2129
1492705299;2129
1492705305;2130
1492705310;2124
1492705315;2123
1492705321;2126
1492705326;2124
1492705331;2122
1492705337;2125
1492705342;2123
1492705348;2122
1492705353;2121
1492705359;2120
1492705365;2120
1492705370;2117
1492705375;2119
1492705380;2123
1492705385;2121
1492705390;2122
1492705396;2120
1492705402;2115
1492705407;2113
1492705412;2111
1492705417;2110
1492705422;2107
1492705429;2108
1492705434;2111
1492705439;2108
1492705444;2107
1492705450;2109
1492705455;2100
1492705461;2101
1492705466;2102
1492705471;2103
1492705477;2106
1492705485;2107
1492705490;2105
1492705496;2105
1492705501;2100
1492705506;2097
1492705511;2089
1492705516;2088
1492705521;2087
1492705527;2085
1492705532;2087
1492705538;2087
1492705543;2085
1492705549;2088
1492705554;2089
1492705559;2087
1492705565;2081
1492705570;2083
1492705575;2085
1492705580;2086
1492705586;2087
1492705591;2087
1492705596;2086
1492705601;2085
1492705608;2088
1492705613;2085
1492705619;2088
1492705624;2089
1492705629;2087
1492705635;2085
1492705640;2090
1492705645;2086
1492705650;2089
1492705656;2091
1492705661;2091
1492705667;2089
1492705672;2089
1492705679;2087
1492705685;2087
1492705691;2083
1492705696;2083
1492705702;2081
1492705707;2079
1492705712;2081
1492705718;2081
1492705723;2078
1492705728;2076
1492705735;2074
1492705741;2075
1492705845;2081
1492705898;2082
1492705899;2082
1492705899;2078
1492705899;2077
1492705899;2075
1492705899;2076
1492705899;2073
1492705900;2071
1492705900;2071
1492705900;2074
1492705904;2077
1492705909;2079
1492705915;2080
1492705921;2077
1492705926;2078
1492705931;2080
1492705936;2084
1492705941;2088
1492705947;2085
1492705952;2085
1492705957;2087
1492705963;2090
1492705968;2089
1492705974;2084
1492705979;2083
1492705984;2087
1492705990;2092
1492705997;2093
1492706002;2095
1492706008;2096
1492706014;2096
1492706019;2103
1492706027;2101
1492706033;2099
1492706038;2100
1492706043;2101
1492706049;2106
1492706056;2103
1492706062;2102
1492706067;2105
1492706075;2107
1492706080;2115
1492706085;2110
1492706090;2106
1492706096;2106
1492706103;2104
1492706109;2104
1492706116;2104
1492706121;2106
1492706127;2107
1492706133;2105
1492706138;2102
1492706143;2100
1492706148;2100
1492706154;2096
1492706160;2096
1492706165;2096
1492706171;2097
1492706179;2100
1492706185;2101
1492706190;2104
1492706197;2108
1492706203;2111
1492706208;2117
1492706213;2114
1492706219;2118
1492706225;2121
1492706231;2118
1492706236;2117
1492706241;2117
1492706246;2120
1492706251;2123
1492706257;2124
1492706262;2128
1492706268;2129
1492706273;2130
1492706279;2128
1492706284;2129
1492706290;2126
1492706296;2128
1492706301;2130
1492706306;2121
1492706312;2119
1492706317;2119
1492706322;2118
1492706327;2118
1492706333;2124
1492706338;2125
1492706343;2123
1492706350;2127
1492706355;2123
1492706360;2115
1492706367;2116
1492706373;2120
1492706378;2120
1492706384;2123
1492706389;2121
1492706394;2125
1492706400;2125
1492706405;2125
1492706411;2124
1492706416;2120
1492706422;2124
1492706428;2120
1492706433;2120
1492706465;2128
1492706520;2130
1492706520;2135
1492706520;2134
1492706520;2132
1492706520;2129
1492706521;2129
1492706521;2130
1492706521;2127
1492706521;2131
1492706521;2125
1492706523;2129
1492706529;2130
1492706535;2131
1492706541;2134
1492706547;2128
1492706554;2130
1492706559;2135
1492706564;2134
1492706570;2131
1492706575;2135
1492706580;2134
1492706585;2129
1492706590;2131
1492706595;2133
1492706601;2132
1492706607;2132
1492706612;2130
1492706617;2116
1492706624;2119
1492706630;2116
1492706635;2114
1492706641;2115
1492706646;2116
1492706651;2114
1492706657;2117
1492706663;2118
1492706669;2121
1492706674;2118
1492706680;2117
1492706686;2112
1492706691;2111
1492706698;2111
1492706704;2110
1492706710;2112
1492706715;2110
1492706721;2110
1492706726;2107
1492706731;2112
1492706736;2110
1492706741;2108
1492706747;2107
1492706753;2106
1492706758;2105
1492706764;2109
1492706769;2110
1492706775;2110
1492706780;2113
1492706786;2114
1492706793;2114
1492706798;2116
1492706805;2114
1492706810;2114
1492706815;2118
1492706820;2119
1492706825;2119
1492706831;2125
1492706837;2123
1492706842;2124
1492706848;2125
1492706854;2124
1492706859;2124
1492706865;2122
1492706871;2127
1492706876;2129
1492706882;2128
1492706887;2132
1492706892;2132
1492706898;2134
1492706905;2134
1492706910;2136
1492706916;2135
1492706921;2132
1492706927;2135
1492706932;2131
1492706938;2132
1492706944;2134
1492706950;2136
1492706958;2136
1492706963;2134
1492706969;2135
1492706974;2138
1492706980;2139
1492706985;2138
1492706991;2137
1492706996;2140
1492707002;2139
1492707010;2142
1492707015;2141
1492707021;2146
1492707026;2141
1492707031;2137
1492707038;2137
1492707043;2138
1492707049;2135
1492707054;2133
1492707083;2132
1492707088;2140
1492707141;2140
1492707141;2141
1492707141;2144
1492707142;2143
1492707142;2146
1492707142;2143
1492707142;2141
1492707143;2137
1492707143;2136
1492707143;2136
1492707149;2135
1492707154;2139
1492707160;2143
1492707166;2143
1492707172;2145
1492707178;2149
1492707183;2146
1492707188;2147
1492707194;2147
1492707199;2148
1492707205;2154
1492707210;2159
1492707216;2156
1492707222;2156
1492707227;2157
1492707233;2159
1492707238;2164
1492707244;2169
1492707249;2171
1492707254;2169
1492707260;2172
1492707267;2170
1492707273;2169
1492707278;2168
1492707284;2165
1492707289;2169
1492707294;2172
1492707300;2177
1492707305;2175
1492707310;2158
1492707315;2157
1492707321;2157
1492707326;2154
1492707331;2160
1492707336;2161
1492707345;2161
1492707351;2164
1492707357;2166
1492707363;2167
1492707369;2167
1492707375;2167
1492707381;2173
1492707386;2172
1492707392;2170
1492707397;2170
1492707402;2169
1492707407;2171
1492707413;2177
1492707419;2178
1492707424;2182
1492707431;2178
1492707436;2176
1492707441;2179
1492707448;2180
1492707454;2183
1492707459;2188
1492707464;2185
1492707470;2186
1492707475;2189
1492707481;2187
1492707487;2188
1492707492;2185
1492707497;2188
1492707502;2190
1492707507;2189
1492707512;2192
1492707518;2198
1492707523;2196
1492707528;2197
1492707533;2201
1492707539;2200
1492707544;2200
1492707550;2200
1492707556;2199
1492707562;2198
1492707567;2197
1492707573;2194
1492707578;2192
1492707583;2193
1492707589;2196
1492707595;2195
1492707601;2193
1492707606;2193
1492707611;2196
1492707617;2199
1492707622;2200
1492707627;2204
1492707633;2203
1492707638;2206
1492707644;2204
1492707649;2208
1492707656;2208
1492707663;2204
1492707668;2204
1492707701;2194
1492707706;2190
1492707762;2190
1492707763;2190
1492707763;2188
1492707763;2189
1492707763;2174
1492707763;2171
1492707763;2168
1492707764;2168
1492707764;2170
1492707764;2166
1492707770;2171
1492707775;2165
1492707782;2168
1492707787;2171
1492707792;2173
1492707797;2172
1492707803;2173
1492707808;2173
1492707813;2175
1492707819;2175
1492707825;2176
1492707831;2178
1492707836;2177
1492707843;2178
1492707848;2180
1492707853;2182
1492707858;2178
1492707864;2184
1492707870;2185
1492707875;2183
1492707881;2186
1492707886;2188
1492707892;2192
1492707897;2191
1492707902;2189
1492707908;2187
1492707913;2189
1492707919;2189
1492707924;2190
1492707930;2192
1492707935;2193
1492707940;2194
1492707946;2182
1492707951;2187
1492707957;2192
1492707962;2195
1492707968;2193
1492707974;2195
1492707979;2197
1492707984;2201
1492707990;2203
1492707996;2198
1492708001;2196
1492708006;2197
1492708011;2201
1492708017;2200
1492708023;2199
1492708028;2199
1492708033;2196
1492708039;2200
1492708044;2198
1492708049;2198
1492708056;2198
1492708062;2200
1492708067;2193
1492708073;2194
1492708078;2190
1492708084;2191
1492708089;2192
1492708096;2192
1492708101;2196
1492708107;2197
1492708112;2198
1492708118;2201
1492708123;2199
1492708128;2195
1492708134;2191
1492708139;2191
1492708145;2190
1492708153;2194
1492708158;2191
1492708163;2190
1492708169;2189
1492708174;2195
1492708180;2194
1492708186;2197
1492708191;2197
1492708196;2195
1492708201;2193
1492708207;2196
1492708212;2191
1492708217;2188
1492708223;2189
1492708228;2187
1492708234;2189
1492708239;2188
1492708245;2189
1492708250;2188
1492708255;2191
1492708260;2194
1492708265;2193
1492708271;2184
1492708276;2186
1492708283;2189
1492708288;2194
1492708293;2197
